(window["webpackJsonp"]=window["webpackJsonp"]||[]).push([["chunk-2d229d5c"],{deaf:function(a,e,t){"use strict";t.r(e);var o=function(){var a=this,e=a.$createElement,t=a._self._c||e;return t("v-card",{directives:[{name:"resize",rawName:"v-resize",value:a.onResize,expression:"onResize"}]},[t("div",{ref:"chart",staticStyle:{width:"100vw",height:"95vh"}})])},n=[],i=t("cb27"),l=t.n(i);t("2f62");const c=[{city:"Qingdao",code:"TAO",lat:"36.07",lon:"120.38",year:"1944",pax:"68010"},{city:"Shanghai",code:"#SH",lat:"31.23",lon:"121.47",year:"1946",pax:"121127"},{city:"Tianjin",code:"TSN",lat:"39.12",lon:"117.2",year:"1950",pax:"90938"},{city:"Chengdu",code:"CTU",lat:"30.67",lon:"104.07",year:"1956",pax:"78619"},{city:"Beijing",code:"#BJ",lat:"39.9",lon:"116.4",year:"1958",pax:"119385"},{city:"Hohhot",code:"HET",lat:"40.83",lon:"111.73",year:"1958",pax:"26967"},{city:"Guangzhou",code:"CAN",lat:"23.13",lon:"113.27",year:"1959",pax:"88422"},{city:"Taiyuan",code:"TYN",lat:"37.87",lon:"112.55",year:"1959",pax:"31041"},{city:"Lhasa",code:"LXA",lat:"29.65",lon:"91.13",year:"1966",pax:"5500"},{city:"Lanzhou",code:"LHW",lat:"36.07",lon:"103.82",year:"1970",pax:"23907"},{city:"Dalian",code:"DLC",lat:"38.92",lon:"121.62",year:"1972",pax:"43786"},{city:"Harbin",code:"HRB",lat:"45.8",lon:"126.53",year:"1979",pax:"45022"},{city:"Xiamen",code:"XMN",lat:"24.48",lon:"118.08",year:"1983",pax:"33526"},{city:"Changzhou",code:"CZX",lat:"31.78",lon:"119.95",year:"1986",pax:"39067"},{city:"Shenyang",code:"SHE",lat:"41.8",lon:"123.43",year:"1989",pax:"47065"},{city:"Changsha",code:"CSX",lat:"28.23",lon:"112.93",year:"1989",pax:"63950"},{city:"Nanning",code:"NNG",lat:"22.82",lon:"108.37",year:"1990",pax:"37563"},{city:"Wenzhou",code:"WNZ",lat:"28",lon:"120.7",year:"1990",pax:"52337"},{city:"Jinghong",code:"JHG",lat:"22.02",lon:"100.8",year:"1990",pax:"7377"},{city:"Ningbo",code:"NGB",lat:"29.88",lon:"121.55",year:"1990",pax:"54694"},{city:"Chongqing",code:"CKG",lat:"29.57",lon:"106.55",year:"1990",pax:"39694"},{city:"Shenzhen",code:"SZX",lat:"22.55",lon:"114.05",year:"1991",pax:"87024"},{city:"Xian",code:"XIY",lat:"34.27",lon:"108.93",year:"1991",pax:"54009"},{city:"Xining",code:"XNN",lat:"36.62",lon:"101.78",year:"1991",pax:"15583"},{city:"Jinan",code:"TNA",lat:"36.67",lon:"116.98",year:"1992",pax:"57534"},{city:"Sanya",code:"SYX",lat:"18.25",lon:"109.5",year:"1994",pax:"7205"},{city:"Wuhan",code:"WUH",lat:"30.6",lon:"114.3",year:"1995",pax:"81679"},{city:"Shijiazhuang",code:"SJW",lat:"38.52",lon:"114.52",year:"1995",pax:"58109"},{city:"Lijiang",code:"LJG",lat:"26.88",lon:"100.23",year:"1995",pax:"7124"},{city:"Zhuhai",code:"ZUH",lat:"22.27",lon:"113.57",year:"1995",pax:"18088"},{city:"Quanzhou",code:"JJN",lat:"24.88",lon:"118.67",year:"1996",pax:"52354"},{city:"Guilin",code:"KWL",lat:"25.28",lon:"110.28",year:"1996",pax:"27718"},{city:"Zhengzhou",code:"CGO",lat:"34.75",lon:"113.62",year:"1997",pax:"66024"},{city:"Nanjing",code:"NKG",lat:"32.07",lon:"118.78",year:"1997",pax:"67333"},{city:"Fuzhou",code:"FOC",lat:"26.08",lon:"119.3",year:"1997",pax:"52091"},{city:"Guiyang",code:"KWE",lat:"26.65",lon:"106.63",year:"1997",pax:"33033"},{city:"Yinchuan",code:"INC",lat:"38.47",lon:"106.28",year:"1997",pax:"17995"},{city:"Nanchang",code:"KHN",lat:"28.68",lon:"115.85",year:"1999",pax:"43411"},{city:"Haikou",code:"HAK",lat:"20.03",lon:"110.32",year:"1999",pax:"16974"},{city:"Hangzhou",code:"HGH",lat:"30.28",lon:"120.15",year:"2000",pax:"56695"},{city:"Mianyang",code:"MIG",lat:"31.47",lon:"104.73",year:"2001",pax:"24522"},{city:"Urumqi",code:"URC",lat:"43.82",lon:"87.62",year:"2002",pax:"21095"},{city:"Wuxi",code:"WUX",lat:"31.57",lon:"120.3",year:"2004",pax:"51893"},{city:"Changchun",code:"CGQ",lat:"43.9",lon:"125.32",year:"2005",pax:"42809"},{city:"Jieyang",code:"SWA",lat:"23.55",lon:"116.37",year:"2011",pax:"28220"},{city:"Kunming",code:"KMG",lat:"25.05",lon:"102.72",year:"2012",pax:"37572"},{city:"Hefei",code:"HFE",lat:"31.83",lon:"117.25",year:"2013",pax:"52178"},{city:"Yantai",code:"YNT",lat:"37.45",lon:"121.43",year:"2015",pax:"48636"}],r=[[0,5709,3577,2545,4884,910,3040,1121,208,816,1400,1466,1010,1613,1971,1759,1611,1433,123,3028,1091,3003,2154,684,2281,433,2384,2324,341,461,1566,705,2122,2390,1053,800,842,868,408,2035,1181,548,2084,1169,604,845,1796,0],[5709,0,8338,4209,8369,1648,6762,2169,299,2519,3659,3215,2443,826,3225,4242,1091,4839,251,0,2333,6368,4213,1359,4092,274,5685,3709,354,1228,4666,1762,3959,7238,4673,2783,607,3643,582,0,3384,812,176,4089,1102,1649,4173,3298],[3577,8338,0,4350,0,2280,4042,2419,401,1496,3178,2413,1398,1821,3114,3198,305,1561,1135,2448,1751,3872,2137,535,3454,205,3385,3716,155,1133,1848,668,3260,3238,2010,1186,615,1985,564,3162,584,584,2797,2755,2448,2070,2282,3031],[2545,4209,4350,0,4794,2874,4338,1882,208,1386,1430,1966,1347,1579,1729,2751,3539,2210,279,1960,2791,3886,2262,591,2371,545,3328,2197,190,781,2080,1037,2515,2597,2073,1965,980,1723,3705,2238,0,2462,2273,1559,1413,4253,1785,2040],[4884,8369,0,4794,0,2761,5965,4341,316,1482,3759,3583,1902,3326,3679,4723,0,2347,1185,2884,2626,4856,3302,696,5130,262,4943,5628,204,1148,2386,946,4928,4569,2610,1599,802,2758,1084,3793,976,739,4085,4855,1997,1710,3305,3860],[910,1648,2280,2874,2761,0,1247,847,88,298,588,725,491,413,750,839,485,502,253,337,585,732,484,149,975,64,617,738,54,247,328,165,490,452,568,369,163,381,550,387,170,231,424,315,1243,852,701,204],[3040,6762,4042,4338,5965,1247,0,1798,401,1520,2020,2929,2573,2557,2452,3612,7101,2964,258,3277,2567,412,3201,1022,2477,1536,5115,3862,263,200,3949,4204,4027,3972,2817,2427,3411,2515,1123,3829,1360,4866,3243,1736,3919,7744,3689,2789],[1121,2169,2419,1882,4341,847,1798,0,151,385,930,1044,805,501,1155,1058,3833,808,214,616,749,793,676,426,1020,216,836,0,62,538,606,286,885,732,1400,567,372,994,617,550,358,390,809,715,599,590,1447,376],[208,299,401,208,316,88,401,151,0,70,684,211,125,409,127,97,108,230,0,325,68,796,375,150,183,29,360,141,29,60,220,81,146,477,85,113,43,76,42,140,154,29,594,441,16,78,62,116],[816,2519,1496,1386,1482,298,1520,385,70,0,1117,586,474,843,608,543,700,664,88,883,390,854,1377,216,480,106,1162,656,162,328,428,468,1067,762,550,357,287,381,97,613,546,202,671,441,104,123,317,507],[1400,3659,3178,1430,3759,588,2020,930,684,1117,0,1296,802,902,1684,1003,0,685,81,801,600,1317,799,237,1170,139,1412,951,58,413,563,306,1251,1404,975,457,211,772,149,1220,247,226,1187,1132,185,232,514,0],[1466,3215,2413,1966,3583,725,2929,1044,211,586,1296,0,1009,1558,1831,1113,1515,2145,146,1534,879,1763,1280,1077,1295,169,1518,1745,129,407,1164,1178,1371,1226,794,832,420,787,283,1259,741,466,1221,1945,336,372,1428,1252],[1010,2443,1398,1347,1902,491,2573,805,125,474,802,1009,0,1049,872,1716,664,1288,361,1224,1072,2105,832,183,1467,87,1643,1170,73,663,89,478,1010,1425,1640,799,143,1828,278,1210,256,194,1283,599,291,591,1150,994],[1613,826,1821,1579,3326,413,2557,501,409,843,902,1558,1049,0,1168,1169,417,1402,176,3970,601,2931,1359,500,1097,68,2087,1097,123,329,1129,564,1390,0,1425,806,235,911,147,0,452,184,0,1001,533,245,1224,1349],[1971,3225,3114,1729,3679,750,2452,1155,127,608,1684,1831,872,1168,0,1466,828,1432,151,939,840,2280,1266,943,2307,95,1637,1676,106,1265,1122,938,1612,1726,1295,880,472,1411,558,1522,667,482,1359,1606,341,419,1152,1572],[1759,4242,3198,2751,4723,839,3612,1058,97,543,1003,1113,1716,1169,1466,0,0,922,202,1409,1358,3197,1242,263,1534,162,3e3,1260,84,488,1613,548,1705,1791,1648,845,268,1645,558,1693,342,310,1619,854,939,760,1347,1261],[1611,1091,305,3539,0,485,7101,3833,108,700,0,1515,664,417,828,0,0,794,0,630,847,1680,656,521,667,817,0,975,73,630,954,646,0,0,0,699,588,615,485,436,221,769,0,0,204,874,422,164],[1433,4839,1561,2210,2347,502,2964,808,230,664,685,2145,1288,1402,1432,922,794,0,81,2896,1046,2948,1958,580,758,310,1670,1428,440,593,1762,572,1336,1833,1485,658,440,750,212,2107,749,426,1688,446,475,680,1050,1059],[123,251,1135,279,1185,253,258,214,0,88,81,146,361,176,151,202,0,81,0,0,120,182,195,0,200,0,166,103,0,37,80,44,107,120,165,84,29,121,38,95,36,30,107,80,75,60,76,32],[3028,0,2448,1960,2884,337,3277,616,325,883,801,1534,1224,3970,939,1409,630,2896,0,0,585,2682,1341,410,844,201,1828,1556,166,471,1981,580,1598,2334,1142,578,425,719,158,0,558,369,2242,630,0,0,1027,1105],[1091,2333,1751,2791,2626,585,2567,749,68,390,600,879,1072,601,840,1358,847,1046,120,585,0,1584,817,405,1232,97,1431,730,64,363,818,410,928,1144,999,997,243,885,600,1041,370,313,883,492,875,1115,1014,779],[3003,6368,3872,3886,4856,732,412,793,796,854,1317,1763,2105,2931,2280,3197,1680,2948,182,2682,1584,0,3541,734,1722,272,3436,2288,1030,36,3023,2032,2623,2736,2473,1746,440,1597,596,2800,1040,476,2326,1017,1137,1103,2027,2097],[2154,4213,2137,2262,3302,484,3201,676,375,1377,799,1280,832,1359,1266,1242,656,1958,195,1341,817,3541,0,707,1022,172,1854,1447,1457,424,1285,701,1964,1443,815,707,404,456,173,1506,833,345,870,332,173,153,1e3,1068],[684,1359,535,591,696,149,1022,426,150,216,237,1077,183,500,943,263,521,580,0,410,405,734,707,0,377,57,452,557,39,145,396,395,448,421,197,205,154,245,48,394,318,96,188,279,156,131,121,279],[2281,4092,3454,2371,5130,975,2477,1020,183,480,1170,1295,1467,1097,2307,1534,667,758,200,844,1232,1722,1022,377,0,154,2130,1730,65,579,679,316,1740,2014,1328,518,345,999,713,1580,386,273,1701,996,1589,467,1240,1364],[433,274,205,545,262,64,1536,216,29,106,139,169,87,68,95,162,817,310,0,201,97,272,172,57,154,0,175,215,0,98,266,72,136,147,100,161,192,65,87,196,31,71,196,155,61,841,246,82],[2384,5685,3385,3328,4943,617,5115,836,360,1162,1412,1518,1643,2087,1637,3e3,0,1670,166,1828,1431,3436,1854,452,2130,175,0,1786,127,1339,1993,705,2731,3014,2014,1163,394,2029,441,2536,677,385,2317,1369,672,581,2370,1691],[2324,3709,3716,2197,5628,738,3862,0,141,656,951,1745,1170,1097,1676,1260,975,1428,103,1556,730,2288,1447,557,1730,215,1786,0,118,486,2138,610,2123,1764,791,692,1334,780,263,1568,811,781,1435,730,321,434,1484,1692],[341,354,155,190,204,54,263,62,29,162,58,129,73,123,106,84,73,440,0,166,64,1030,1457,39,65,0,127,118,0,30,135,83,108,97,66,77,76,52,0,102,73,27,66,38,0,0,48,64],[461,1228,1133,781,1148,247,200,538,60,328,413,407,663,329,1265,488,630,593,37,471,363,36,424,145,579,98,1339,486,30,0,388,311,847,757,1202,680,124,550,214,729,293,106,599,351,299,147,247,508],[1566,4666,1848,2080,2386,328,3949,606,220,428,563,1164,89,1129,1122,1613,954,1762,80,1981,818,3023,1285,396,679,266,1993,2138,135,388,0,727,1391,1309,0,816,854,640,247,1810,521,669,1303,582,675,571,1275,1104],[705,1762,668,1037,946,165,4204,286,81,468,306,1178,478,564,938,548,646,572,44,580,410,2032,701,395,316,72,705,610,83,311,727,0,506,537,450,541,303,303,107,696,496,155,361,246,282,311,387,470],[2122,3959,3260,2515,4928,490,4027,885,146,1067,1251,1371,1010,1390,1612,1705,0,1336,107,1598,928,2623,1964,448,1740,136,2731,2123,108,847,1391,506,0,2152,1368,922,473,1150,244,1823,789,272,1761,1077,221,435,1570,1506],[2390,7238,3238,2597,4569,452,3972,732,477,762,1404,1226,1425,0,1726,1791,0,1833,120,2334,1144,2736,1443,421,2014,147,3014,1764,97,757,1309,537,2152,0,1597,1010,267,1516,228,2917,511,318,89,1199,433,262,57,1644],[1053,4673,2010,2073,2610,568,2817,1400,85,550,975,794,1640,1425,1295,1648,0,1485,165,1142,999,2473,815,197,1328,100,2014,791,66,1202,0,450,1368,1597,0,587,245,1337,356,1926,303,233,1598,903,775,291,1118,935],[800,2783,1186,1965,1599,369,2427,567,113,357,457,832,799,806,880,845,699,658,84,578,997,1746,707,205,518,161,1163,692,77,680,816,541,922,1010,587,0,344,555,208,1319,679,220,989,691,185,306,430,1009],[842,607,615,980,802,163,3411,372,43,287,211,420,143,235,472,268,588,440,29,425,243,440,404,154,345,192,394,1334,76,124,854,303,473,267,245,344,0,178,90,388,170,510,214,202,64,885,323,213],[868,3643,1985,1723,2758,381,2515,994,76,381,772,787,1828,911,1411,1645,615,750,121,719,885,1597,456,245,999,65,2029,780,52,550,640,303,1150,1516,1337,555,178,0,513,1423,208,275,1198,722,1036,603,1044,765],[408,582,564,3705,1084,550,1123,617,42,97,149,283,278,147,558,558,485,212,38,158,600,596,173,48,713,87,441,263,0,214,247,107,244,228,356,208,90,513,0,217,99,131,162,148,439,1395,329,95],[2035,0,3162,2238,3793,387,3829,550,140,613,1220,1259,1210,0,1522,1693,436,2107,95,0,1041,2800,1506,394,1580,196,2536,1568,102,729,1810,696,1823,2917,1926,1319,388,1423,217,0,1159,320,286,1200,211,579,1885,1423],[1181,3384,584,0,976,170,1360,358,154,546,247,741,256,452,667,342,221,749,36,558,370,1040,833,318,386,31,677,811,73,293,521,496,789,511,303,679,170,208,99,1159,0,122,380,218,98,240,232,536],[548,812,584,2462,739,231,4866,390,29,202,226,466,194,184,482,310,769,426,30,369,313,476,345,96,273,71,385,781,27,106,669,155,272,318,233,220,510,275,131,320,122,0,360,313,123,595,536,212],[2084,176,2797,2273,4085,424,3243,809,594,671,1187,1221,1283,0,1359,1619,0,1688,107,2242,883,2326,870,188,1701,196,2317,1435,66,599,1303,361,1761,89,1598,989,214,1198,162,286,380,360,0,1118,307,403,1564,1453],[1169,4089,2755,1559,4855,315,1736,715,441,441,1132,1945,599,1001,1606,854,0,446,80,630,492,1017,332,279,996,155,1369,730,38,351,582,246,1077,1199,903,691,202,722,148,1200,218,313,1118,0,212,174,595,1085],[604,1102,2448,1413,1997,1243,3919,599,16,104,185,336,291,533,341,939,204,475,75,0,875,1137,173,156,1589,61,672,321,0,299,675,282,221,433,775,185,64,1036,439,211,98,123,307,212,0,414,455,202],[845,1649,2070,4253,1710,852,7744,590,78,123,232,372,591,245,419,760,874,680,60,0,1115,1103,153,131,467,841,581,434,0,147,571,311,435,262,291,306,885,603,1395,579,240,595,403,174,414,0,799,215],[1796,4173,2282,1785,3305,701,3689,1447,62,317,514,1428,1150,1224,1152,1347,422,1050,76,1027,1014,2027,1e3,121,1240,246,2370,1484,48,247,1275,387,1570,57,1118,430,323,1044,329,1885,232,536,1564,595,455,799,0,1148],[0,3298,3031,2040,3860,204,2789,376,116,507,0,1252,994,1349,1572,1261,164,1059,32,1105,779,2097,1068,279,1364,82,1691,1692,64,508,1104,470,1506,1644,935,1009,213,765,95,1423,536,212,1453,1085,202,215,1148,0]],y=_.map(c,(a,e)=>{const[t,o]=[Number(a.lon)+96,Number(a.lat)];return{...a,lon:t>180?t-360:t,lat:o}});var h={data:()=>({chart:null,option:null}),computed:{maxEnp(){return l.a.norminf(r)},series(){const a=_.map(_.filter(y,(a,e)=>l.a.sum(r[e])),(a,e)=>({name:a.code,type:"scatter",coordinateSystem:"geo",symbolSize:8,zlevel:2,data:[{name:`${a.code}: ${a.city}`,value:[a.lon,a.lat,l.a.sum(r[e])],visualMap:!1}]}));return _.each(y,(e,t)=>{_.each(y,(o,n)=>{t>=n||!r[t][n]||a.push({type:"lines",symbol:["none","none"],largeThreshold:500,tooltip:{formatter(a){return`${a.name}: ${a.value}`}},lineStyle:{width:2,curveness:0,opacity:.4,emphasis:{width:3,opacity:.8,shadowBlur:3,shadowColor:"rgba(0, 0, 0, 0.3)"}},data:[{name:`${e.code}-${o.code}`,coords:[[e.lon,e.lat],[o.lon,o.lat]],value:r[t][n]}]})})}),a}},methods:{drawChart(a){this.chart.setOption(this.option,a)},onResize(){this.chart&&_.debounce(this.chart.resize,100)()}},mounted(){this.chart=echarts.init(this.$refs.chart,"infographic"),this.option={textStyle:{fontFamily:"Inconsolata, monospace",fontSize:14,fontWeight:"600"},tooltip:{},visualMap:{min:0,max:this.maxEnp,splitNumber:10,formatter(a,e){return`${_.round(a)}~${_.round(e)}`},color:["#d94e5d","#eac736","#50a3ba"],textStyle:{color:"#666666"}},geo:{map:"world",label:{show:!1,emphasis:{}},zoom:1.15,silent:!0,itemStyle:{normal:{borderColor:"rgba(0, 0, 0, 0.2)"},emphasis:{areaColor:this.primary,shadowBlur:10}},roam:!0},series:this.series},this.drawChart(),this.chart.resize()},watch:{series(a){this.option.series=a,this.drawChart(1)},primary(a){this.option.geo.itemStyle.emphasis.areaColor=a,this.drawChart()},maxEnp(a){this.option.visualMap.max=a,this.drawChart()},tClr(a){this.option.geo.label.emphasis.color=a,this.drawChart()}},beforeDestroy(){echarts.dispose(this.chart)}},s=h,d=t("2877"),p=Object(d["a"])(s,o,n,!1,null,null,null);e["default"]=p.exports}}]);