(window["webpackJsonp"]=window["webpackJsonp"]||[]).push([["chunk-2d20f015"],{b27f:function(S,A,C){"use strict";C.d(A,"b",(function(){return M})),C.d(A,"c",(function(){return L})),C.d(A,"a",(function(){return B}));const M=[[0,3755,6092,3622,3626,2052,5800,2383,2182,1543,1380,1421,5381,2855,3871,1892,2641,2052,2165,1175,1487,2891,610,1227,1410,1466,266,2005,433,1774,1373,1293,1596,1218,1331,1150,954,1246,1126,12,636,1818,842,2115,361,565,518,68,1153,1151,377,19,554,0,1,1500,1,997,844,303,0,5,291,553,0,369,339,1027,1043,367,329,361,0,378,1083,252,114,667,598,320,1,945,34,151,779,0,416,336,0,399,0,336,643,49,0,107,830,1,260,456,143,0,391,85,676,607,608,69,206,592,0,0,2,303,596,281,0,6,135,0,0,4,51,393,199,414,0,0,277,655,166,504,0,175,240,169,0,1,0,112,6,0,3,1,129,250,175,535,336,91,13,247,376,0,89,0,8,0,275,490,348,0,0,224,139,183,201,300,0,0,0,0,45,86,154,258,0,0,0,0,167,0,0,29,0,0,25,12,0,2,0,0,0,0,0,41,0,0,0,78,0,0,0,0,140,0,0,0,0,0,35,138,0,0,0,0,0,0,0,0,0,0,74,0,0,0,0,0,0,0,0,0,0,0,0,0,0,0,0,0,0,0,0,0,0,0,0,0,0,0,0,0,0,143,0,0,138,130,0,0,119,0,115,0,0,0,0,114,0,0,0,0,0,0,0,0,0,0,0,0,0,0,0,0,0,0,0,0,0,0,0,0,0,0,0,0,0,0,0,0,0,0,0,0,0,0,0,0,0,0,0,0,0,0,0,0,0,0,0,0,0,0,0,0,0,0,0,0,0,0,0,0,0,0,0,0,0,0,0,0,0,0,0,0,0,0,0,0,0,0,0,0,0,0,0,0,0,0,0,0,0,0,0,0,0,0,0,0,0,0,0,0,0,0,0,0,0,0,0,0,0,0,0,0,0,0,0,0,0,0,0,0,0,0,0,0,0,0,0,0,0,0,0,0,0,0,0,0,0,0,0,0,0,0,0,0,0,0,0,0,0,0,0,0,0],[3755,0,8774,6098,3908,4695,5370,4158,3472,3497,2723,1809,3355,2571,3231,3334,3400,2039,2394,1972,1293,1898,1447,1483,1528,1266,283,1102,589,1163,1680,797,1480,1725,956,1443,1305,1398,525,146,402,322,1016,504,572,942,1176,206,594,539,577,246,444,0,223,429,120,647,745,505,0,0,241,1017,0,252,715,412,141,124,573,532,0,515,224,220,407,227,231,621,163,98,55,324,158,0,365,271,0,197,17,271,0,211,0,238,119,2,368,207,341,0,134,0,15,69,51,228,243,105,26,0,1,208,26,31,12,29,100,0,0,200,167,0,69,29,0,0,420,0,244,0,1,275,132,154,0,2,0,196,46,58,116,3,226,77,0,1,27,317,125,0,0,59,82,0,329,0,0,0,0,0,0,0,132,0,36,0,0,0,0,15,50,227,89,0,171,0,0,0,0,0,0,0,0,149,0,42,0,0,109,150,70,0,0,85,95,0,0,0,147,0,248,0,0,0,0,140,0,0,34,0,2,154,0,0,0,0,53,0,0,0,0,0,0,0,0,90,0,0,0,0,0,78,0,0,0,0,0,0,0,0,0,0,0,0,58,0,0,0,0,0,0,0,0,0,0,0,82,0,0,0,0,0,116,0,0,0,0,0,0,0,0,0,0,0,0,0,0,25,0,0,0,0,0,0,0,0,0,0,0,0,0,0,0,0,67,66,0,0,0,0,0,0,0,60,60,0,32,0,0,0,0,0,0,0,0,0,0,48,0,0,0,0,0,0,0,0,3,0,0,9,0,0,0,0,0,0,0,22,10,0,0,19,6,0,13,0,0,0,0,0,0,0,0,0,0,0,0,0,0,0,0,0,0,0,0,0,0,0,3,0,0,0,0,0,0,0,0,0,0,0,0,0,0,0,0,0,0,0,0,0,0,0,0,0,0,0,0,0,0,0,0,0,0,0,0,0,0,0,0,0,0,0,0,0,0,0,0,0,0,0,0,0,0],[6092,8774,0,7316,4355,6124,2632,3572,2738,2060,2110,4062,9910,2833,6184,2173,4049,2395,289,1528,1102,2513,869,1368,1228,1334,448,1219,233,1894,577,237,1363,926,864,916,974,790,623,0,1559,2704,160,904,111,1189,150,6,273,824,145,94,41,255,1,542,0,469,264,0,0,0,2,187,0,3,182,81,753,627,95,767,0,594,170,838,171,1,206,167,68,1,6,0,349,0,151,1,0,29,0,170,23,56,0,620,302,1,3,53,0,1,159,0,1,0,49,0,0,76,0,0,0,97,0,78,0,0,0,0,0,0,35,0,6,57,0,0,0,130,19,0,0,0,94,47,0,0,0,0,0,325,2,1,0,36,62,4,0,0,0,0,0,0,67,309,24,0,0,0,0,0,0,0,0,0,0,0,0,0,4,0,57,0,0,0,0,0,0,0,0,0,0,0,0,0,0,10,0,22,0,0,0,0,0,0,0,0,0,0,0,0,0,0,0,0,0,0,0,0,8,0,0,0,0,61,0,0,0,0,0,101,0,0,0,0,0,0,0,122,0,0,0,0,0,0,0,0,0,0,0,14,0,0,0,0,0,0,0,0,0,0,0,0,0,0,0,0,0,0,0,0,0,0,0,0,0,0,0,0,0,0,0,0,59,0,0,0,0,0,0,0,0,0,0,0,0,0,0,0,0,0,0,0,0,0,0,0,0,0,0,0,0,0,0,0,0,0,0,0,0,0,0,0,0,0,0,0,0,0,0,0,0,0,0,0,0,0,0,0,0,0,0,0,0,0,0,0,20,0,0,0,0,0,0,0,0,0,0,0,7,0,0,0,0,0,0,0,0,0,0,0,0,0,0,0,0,0,0,0,0,0,0,0,0,0,0,0,0,0,0,0,0,0,0,0,0,0,0,0,0,0,0,0,0,0,0,0,0,0,0,0,0,0,0,0,0,0,0,0,0,0,0,0,0,0,0,0,0,0,0,0,0,0,0],[3622,6098,7316,0,6271,17354,3068,6222,6172,5876,5356,948,1730,3417,1672,2048,2162,1359,1259,957,2779,277,2890,788,596,1232,3125,937,4055,370,761,671,2,422,391,271,372,219,133,1557,1,0,110,3,626,119,109,181,153,1,1,661,170,27,191,2,80,2,3,618,752,893,333,2,0,48,3,4,0,0,9,1,0,0,1,0,1,16,0,1,64,1,0,129,0,0,0,14,0,0,300,61,0,54,90,0,0,3,0,0,9,152,0,0,0,0,0,9,46,0,0,161,2,0,0,0,8,26,1,79,147,8,47,0,0,0,63,9,0,0,0,0,1,0,0,0,0,1,19,0,33,0,0,3,0,0,0,0,0,0,104,0,0,0,0,0,0,126,0,0,0,198,8,0,0,0,0,0,172,2,0,0,19,0,0,0,0,0,0,0,0,10,0,0,0,0,0,13,0,0,0,0,0,0,32,0,0,0,0,0,0,0,0,0,0,2,0,0,0,0,7,0,35,0,0,0,0,0,0,0,0,0,0,44,0,0,0,0,0,0,2,0,0,0,0,0,16,0,0,0,0,0,0,0,0,0,0,0,0,0,0,0,0,0,0,0,0,0,0,0,0,0,0,0,0,0,0,0,0,0,0,0,0,0,0,0,0,0,0,0,0,0,0,0,0,0,0,0,0,0,48,0,0,0,0,0,0,0,16,0,0,0,0,0,0,0,0,0,0,0,0,0,0,0,0,0,0,0,0,0,0,0,0,0,0,0,0,0,0,0,0,0,0,0,0,0,0,0,0,0,0,0,0,0,0,0,0,0,0,0,0,0,0,0,0,0,0,0,0,0,0,3,0,0,0,0,0,0,0,0,0,0,0,0,0,0,0,0,2,0,0,0,0,1,0,0,0,0,0,0,0,0,0,0,0,0,0,0,0,0,0,0,0,0,0,0,0,0,0,0,0,0,0,0,0,0,0,0,0,0,0,0,0,0,0],[3626,3908,4355,6271,0,3388,3942,3230,2763,2690,2026,1726,2513,3851,2307,1370,1457,1329,1614,1987,1342,1367,973,1441,1423,2363,462,1662,827,793,1380,2487,387,527,744,724,529,628,459,352,271,311,262,501,1277,3,522,47,794,306,4,338,1184,1,165,321,148,272,325,835,83,27,1202,175,0,1196,2,511,224,45,326,1,0,0,231,0,2,756,210,176,279,399,0,588,124,0,249,429,0,0,295,481,379,122,0,0,0,794,0,113,164,0,2,0,142,238,143,114,346,133,0,0,879,0,283,6,63,21,0,0,95,97,129,286,0,3,0,0,1,0,101,116,695,127,0,32,0,387,433,126,0,0,121,45,0,0,0,1,137,0,79,252,142,57,0,0,12,0,0,0,0,0,153,0,102,185,0,0,0,166,0,0,128,0,111,103,0,0,0,0,0,0,0,0,0,0,292,99,0,0,0,0,0,0,0,0,0,0,0,0,0,0,71,164,95,0,0,131,0,0,43,92,0,0,158,0,0,0,0,121,0,0,159,0,0,0,227,75,0,0,2,0,135,121,0,0,0,0,0,0,89,0,165,118,161,0,0,79,0,0,0,145,144,0,0,0,0,0,45,0,0,0,0,117,0,0,0,0,0,0,110,37,0,0,0,0,102,0,0,0,0,0,0,0,0,0,0,76,73,0,0,0,69,69,0,0,0,0,0,0,0,0,0,0,0,0,0,0,26,0,0,0,0,0,0,0,0,0,0,0,0,0,0,0,0,0,0,0,0,0,0,20,0,0,0,0,0,0,0,0,0,0,0,0,0,0,0,0,0,0,0,0,0,0,0,0,0,0,0,0,0,0,0,0,0,0,0,0,0,0,0,0,0,0,0,0,0,0,0,0,0,0,0,0,0,0,0,0,0,0,0,0,0,0,0,0,0,1,0,0,0,0,0,0,0,0,0,0,0,0,0,0,0,0,0,0,0,0,0,0,0,0,0,0,0],[2052,4695,6124,17354,3388,0,2423,4415,5584,3679,6145,853,1119,1572,733,1572,2231,894,990,5649,2148,155,3879,455,499,1224,2281,446,339,341,343,133,2,211,330,173,269,140,35,1805,1,1,33,2,448,2,88,41,12,1,3,761,61,1833,628,1,433,1,3,224,679,454,12,0,0,16,0,1,0,0,21,3,0,0,0,1,2,3,0,24,571,0,0,4,0,0,0,3,63,0,214,49,0,56,0,0,0,1,0,0,0,409,0,0,0,0,0,0,0,0,0,272,2,0,0,0,0,37,2,201,272,0,32,0,0,0,89,40,0,0,0,0,1,0,0,0,0,0,0,0,28,0,0,0,0,0,0,0,0,0,36,0,0,0,0,0,0,162,0,0,0,100,0,0,0,0,0,0,83,0,0,0,2,0,0,0,0,0,0,0,0,11,0,0,0,0,0,5,0,0,0,0,0,0,0,0,0,0,0,0,0,0,0,0,0,55,0,0,0,0,1,0,23,0,0,0,0,0,0,0,0,0,0,11,0,0,0,0,0,0,0,0,0,0,0,0,172,0,0,0,0,0,0,0,0,0,0,0,0,0,0,0,0,0,0,0,0,0,0,0,0,0,0,0,0,0,0,0,0,0,0,0,109,0,0,0,0,0,0,0,0,0,0,0,0,0,0,0,0,0,11,0,0,0,0,0,0,0,0,0,0,0,0,0,0,0,0,0,0,0,0,0,0,0,0,0,0,0,0,0,0,0,32,0,0,0,0,0,0,0,0,0,0,0,0,0,0,0,0,0,0,0,0,0,0,0,0,0,0,0,0,0,0,0,0,0,0,0,0,0,0,0,0,0,0,0,0,0,0,0,0,0,0,0,0,0,0,0,0,0,0,0,0,0,0,0,0,0,0,0,0,0,0,0,0,0,0,0,0,0,0,0,0,0,0,0,0,0,0,0,0,0,0,0,0,0,0,0,0,0,0,0,0,0,0],[5800,5370,2632,3068,3942,2423,0,3362,1610,1409,1314,2810,4104,2249,3919,1888,4483,2195,477,1151,692,2203,352,1386,1129,714,88,1269,259,1427,790,558,888,774,829,688,843,957,530,0,539,734,1521,897,224,915,171,0,302,976,1488,5,182,0,2,147,1,898,532,3,0,0,10,176,0,26,947,217,212,161,58,596,0,268,194,791,907,33,156,45,0,92,507,29,132,0,203,0,0,123,0,48,43,0,0,306,65,1,109,31,0,0,33,0,52,161,145,0,0,33,0,0,1,31,38,37,0,0,0,0,0,0,0,1,1,41,0,0,0,0,0,24,1,0,72,0,0,0,1,0,0,110,0,1,0,47,27,3,0,0,0,0,0,0,0,0,0,0,56,0,0,0,0,1,0,0,66,0,0,0,0,0,3,0,0,8,20,0,0,0,0,0,0,0,0,0,0,0,0,0,0,0,44,0,0,0,0,5,0,0,0,0,0,0,0,0,0,0,0,0,5,0,0,0,0,0,0,0,0,0,0,0,0,0,0,0,0,0,0,34,0,0,0,0,0,0,0,0,0,0,0,0,0,0,0,0,0,0,0,0,0,0,0,0,0,0,0,0,0,0,0,0,0,0,0,0,0,0,0,0,0,0,0,0,19,0,0,0,0,14,0,0,0,0,0,0,0,0,0,0,0,0,0,0,0,0,0,0,0,0,0,0,0,0,0,0,0,0,0,0,0,0,0,0,0,0,0,0,0,0,0,0,0,0,0,0,0,0,0,0,0,0,0,0,0,0,0,0,0,0,0,0,0,0,14,0,7,0,0,0,0,0,0,0,0,0,0,0,0,0,0,0,0,0,0,0,0,0,0,0,0,0,0,0,0,0,0,0,0,0,0,0,0,0,0,0,0,0,0,0,0,0,0,0,0,0,0,0,0,0,0,0,0,0,0,0,0,0,0,0,0,0,0,0,0,0,0,0,0,0,0,0,0,0,0],[2383,4158,3572,6222,3230,4415,3362,0,2948,3064,2694,1142,1288,2538,1534,2442,1332,1318,1192,1777,2429,955,1517,969,1142,1344,335,680,1054,661,1343,695,211,644,819,519,537,475,804,135,4,1,314,250,845,46,902,166,247,90,103,610,787,31,696,134,614,64,247,559,118,122,215,320,0,525,143,150,17,17,381,1,0,15,6,20,2,167,108,318,337,50,3,431,25,0,78,239,0,0,212,69,0,359,0,0,0,113,9,0,281,186,15,0,5,40,0,277,114,0,0,152,59,0,0,0,327,246,7,116,161,171,273,0,0,0,9,118,1,0,0,0,49,76,0,0,0,1,0,0,185,0,209,2,6,0,0,0,0,0,309,40,0,164,0,0,2,81,0,0,0,0,176,0,0,0,0,0,0,273,0,98,124,0,1,0,0,0,0,0,0,111,83,0,0,0,0,130,0,0,0,0,0,0,80,104,0,0,68,0,0,0,0,90,0,94,0,36,0,0,98,0,28,0,0,0,0,165,0,0,0,0,0,0,0,0,0,0,127,0,0,0,0,0,0,0,0,0,0,0,0,0,0,0,0,0,0,0,0,0,0,0,0,0,0,0,0,0,0,60,0,0,0,0,0,0,0,0,0,0,0,58,0,0,0,0,0,0,0,0,0,0,0,78,0,0,0,0,0,0,0,0,0,0,0,0,0,0,0,0,0,0,0,0,60,0,0,0,0,0,0,55,0,0,0,0,0,49,0,0,0,0,6,0,0,35,0,0,29,0,29,0,0,0,0,25,0,0,0,0,12,22,22,0,0,20,0,0,19,0,0,0,0,12,0,0,10,0,0,0,0,4,0,0,0,6,0,5,0,0,0,0,3,3,0,0,0,2,0,0,0,2,2,0,0,1,0,0,0,0,0,0,1,0,1,0,0,0,0,0,0,0,0,0,0,0,0,0,0,0,0,0,0,0,0,0,0,0,0,0,0,0,0,0,0],[2182,3472,2738,6172,2763,5584,1610,2948,0,1891,2502,728,997,1925,622,1561,576,1484,866,1743,1405,502,1277,542,744,695,693,401,907,316,693,642,5,561,524,419,435,430,517,0,3,1,105,28,469,235,399,8,155,4,4,1153,282,854,295,3,272,8,173,385,0,0,273,53,0,166,30,126,0,0,239,1,0,0,2,1,1,131,45,65,3,1,2,182,0,0,0,169,51,0,180,44,0,47,0,0,0,114,0,0,53,48,0,0,1,0,0,104,49,0,0,47,115,12,0,0,47,44,1,0,0,69,1,0,0,0,317,51,0,0,0,0,104,44,0,45,0,0,116,58,44,0,47,2,44,0,0,0,0,0,0,50,0,84,0,0,0,0,0,0,0,2,41,0,0,0,0,0,40,0,0,45,0,0,0,0,0,43,0,0,0,42,60,0,0,0,0,0,0,0,0,0,0,0,2,0,0,0,0,0,0,42,0,0,0,0,0,0,45,214,0,0,0,0,0,0,0,10,0,42,0,0,0,0,0,0,0,0,0,0,1,0,0,0,0,0,0,0,0,0,45,0,0,0,0,0,0,0,0,0,0,0,0,0,0,0,0,0,0,0,0,0,0,0,0,0,0,0,0,0,0,0,0,0,0,0,0,0,0,0,0,0,0,0,0,0,0,0,0,0,0,0,0,0,0,0,0,0,3,64,0,0,0,0,0,0,0,0,0,0,0,0,0,0,0,0,0,0,0,0,0,0,0,0,0,0,0,0,0,0,0,0,0,0,0,0,0,0,0,0,0,0,0,0,0,0,0,0,0,0,0,0,0,0,0,0,0,0,0,0,0,0,0,0,0,0,0,0,0,0,0,0,0,0,0,0,0,0,0,0,0,0,0,0,0,0,0,0,0,0,0,0,0,0,0,0,0,0,0,0,0,0,0,0,0,0,0,0,0,0,0,0,0,0,0,0,0,0,0,0,0,0,0,0,0],[1543,3497,2060,5876,2690,3679,1409,3064,1891,0,2253,1399,558,1412,764,1973,744,1098,1112,1874,1615,547,1257,389,744,964,567,174,1277,126,709,836,7,342,474,383,107,389,629,253,2,0,4,2,939,154,515,71,134,2,2,612,272,225,374,0,389,1,143,515,161,177,705,1,0,184,2,1,0,0,288,1,0,0,1,1,2,109,0,0,326,1,1,129,0,0,0,121,0,0,314,0,0,0,0,0,0,63,0,0,0,74,0,0,1,0,0,60,0,0,0,64,58,0,0,0,0,0,2,62,269,0,10,0,0,0,0,0,0,0,0,0,22,0,0,0,0,0,0,0,0,0,3,1,0,0,0,0,0,0,13,0,0,0,0,0,0,228,0,0,0,73,116,0,0,0,0,0,198,106,0,0,12,0,0,0,0,0,0,0,0,0,0,0,0,0,0,27,0,0,0,0,0,0,82,0,0,0,0,0,0,0,0,57,0,162,0,0,0,0,0,0,0,0,0,0,0,0,0,0,0,0,0,0,0,229,0,0,0,0,206,0,0,0,0,0,0,0,0,0,0,0,0,47,0,0,0,0,0,0,0,0,0,0,0,0,0,0,0,0,0,0,0,0,0,0,0,0,0,0,0,0,0,0,0,0,0,0,0,0,0,0,0,0,0,0,0,0,0,0,0,0,0,0,0,0,0,0,0,0,0,0,0,0,0,0,0,0,0,0,0,0,0,0,0,0,0,0,0,0,0,0,0,0,0,0,0,0,0,0,0,0,0,0,0,0,0,0,0,0,0,0,0,0,0,0,0,0,0,0,0,0,0,0,11,0,0,0,0,0,0,0,0,0,0,0,0,0,0,0,0,0,0,0,0,0,0,0,0,0,0,0,0,0,0,0,0,0,0,0,0,0,0,0,0,1,1,0,0,0,0,0,0,0,0,0,0,0,0,0,0,0,0,0,0,0,0,0,0,0,0,0,0,0,0],[1380,2723,2110,5356,2026,6145,1314,2694,2502,2253,0,472,376,1053,475,1549,952,1069,424,1616,1337,183,1798,368,387,480,920,180,1384,281,369,179,0,50,190,2,69,3,239,734,0,0,2,1,201,1,162,2839,0,103,1,238,75,258,816,0,1566,1,1,196,412,372,1,1,0,0,0,0,0,0,1,0,0,0,0,0,0,0,0,0,388,0,0,28,0,0,0,68,0,0,170,0,0,200,0,0,1,0,1,0,0,367,0,0,0,0,0,0,0,0,706,274,0,0,0,0,130,249,0,356,131,0,5,0,0,0,306,468,0,0,0,0,0,0,0,0,511,0,0,0,180,0,0,0,0,0,0,0,0,0,0,0,0,0,0,0,0,70,0,0,0,85,0,0,0,0,0,0,0,0,0,94,0,0,0,0,0,0,0,0,0,0,0,0,0,0,0,0,240,0,0,0,0,0,0,0,0,0,67,0,0,0,0,0,0,0,0,0,0,0,1,0,50,0,0,0,117,0,0,0,0,0,0,0,0,0,0,0,0,0,0,79,0,0,0,188,0,179,181,0,0,0,0,0,0,0,0,0,0,0,150,0,0,0,0,0,0,0,0,0,0,0,0,0,0,0,0,0,0,0,0,0,0,0,0,0,0,0,0,0,0,0,0,0,0,0,0,0,0,0,0,17,0,0,0,0,0,0,0,0,0,0,0,0,0,0,0,0,0,0,0,0,8,0,0,0,0,0,0,0,0,13,0,12,0,0,0,0,0,0,0,0,0,0,0,0,0,0,0,0,0,0,0,0,0,0,0,0,0,0,0,2,0,0,0,0,0,0,0,0,0,0,0,0,0,0,0,0,0,0,0,0,0,0,0,0,0,0,0,0,0,0,0,0,0,0,0,0,0,0,0,0,0,0,0,0,0,0,0,0,0,0,0,0,0,0,0,0,0,0,0,0,0,0,0,0,0,0,0,0,0,0,0,0,0],[1421,1809,4062,948,1726,853,2810,1142,728,1399,472,0,1777,1135,1556,755,1366,802,1267,482,306,1258,209,849,501,563,3,660,190,1021,392,447,702,530,567,795,427,443,274,0,359,732,746,796,0,370,167,0,540,701,606,0,157,0,0,718,0,694,409,58,0,0,0,121,0,184,322,338,571,548,160,236,0,336,448,244,205,177,341,121,0,291,1,0,470,0,260,0,0,175,0,175,221,0,0,124,261,0,384,205,101,0,364,0,36,207,330,0,95,300,0,0,0,246,166,691,0,0,78,0,0,0,0,135,175,144,0,0,0,250,96,223,0,0,353,31,0,0,0,79,0,21,7,0,0,272,1,300,155,0,0,80,106,0,225,0,0,0,326,158,231,0,0,264,67,0,174,181,0,0,0,0,0,0,0,95,0,0,0,0,272,0,0,13,0,0,0,4,0,0,92,0,0,0,0,0,0,0,0,248,0,0,0,0,0,0,110,0,0,0,0,0,0,0,0,0,0,0,0,0,239,0,0,0,0,0,0,0,0,2,0,0,0,0,86,0,0,0,0,0,0,0,0,0,0,0,0,0,0,150,0,0,0,0,0,140,0,0,0,0,0,0,0,0,0,0,0,0,0,0,0,0,0,0,0,101,0,0,0,0,0,0,0,0,0,0,0,0,0,0,0,0,0,0,0,0,0,0,0,0,0,0,0,0,0,0,0,0,0,0,0,0,0,0,0,0,0,0,0,0,0,0,0,0,0,0,0,0,0,0,0,0,0,0,0,0,0,0,0,0,0,0,0,0,0,0,0,0,0,0,0,0,0,0,0,0,0,0,0,0,0,0,0,0,0,0,0,0,0,0,0,0,0,0,0,0,0,0,0,0,0,0,0,0,0,0,0,0,0,0,0,0,0,0,0,0,0,0,0,0,0,0,0,0,0,0,0,0,0,0,0,0,0,0,0,0,0,0,0,0,0,0,0,0,0],[5381,3355,9910,1730,2513,1119,4104,1288,997,558,376,1777,0,1980,1209,666,1671,1716,1945,306,276,1082,1,740,432,488,0,877,4,636,197,107,35,487,378,507,387,297,165,0,1920,79,653,509,3,336,25,0,97,181,405,1,2,112,0,259,0,121,92,0,0,0,3,17,0,8,220,55,11,107,0,3,0,88,59,1,6,0,105,0,1,88,250,0,31,0,0,0,0,199,0,0,0,1,0,0,4,1,0,67,0,0,168,389,0,0,0,0,0,0,0,0,2,26,0,0,0,0,37,0,0,0,0,0,34,333,0,0,0,1,0,109,1,0,0,0,0,0,0,0,0,0,0,0,0,0,406,0,0,0,0,0,0,0,0,222,0,0,0,2,56,0,0,0,0,0,4,0,0,0,78,0,39,0,0,0,0,39,55,127,0,0,0,269,132,0,0,0,0,0,0,0,0,82,0,0,0,164,0,0,0,0,0,0,0,0,0,0,0,0,0,0,0,0,0,0,0,0,0,0,0,0,0,0,0,0,0,0,0,0,0,0,0,0,0,0,0,0,0,0,0,78,0,0,0,0,0,0,0,0,0,0,0,0,0,0,0,0,0,0,0,0,0,0,0,0,0,0,0,0,0,0,0,0,0,0,0,0,0,0,0,0,0,0,0,0,0,0,0,0,0,0,0,0,0,0,0,0,0,0,0,0,0,0,0,0,0,0,0,0,0,0,0,0,0,0,0,0,0,0,0,0,0,0,0,0,0,0,0,0,0,0,0,0,0,0,0,0,0,0,0,0,0,0,0,0,0,0,0,0,0,0,0,0,0,0,0,0,0,0,0,0,0,0,0,0,0,0,0,0,0,0,0,0,0,0,0,0,0,0,0,0,0,0,0,0,0,0,0,0,0,0,0,0,0,0,0,0,0,0,0,0,0,0,0,0,0,0,0,0,0,0,0,0,0,0,0,0,0,0,0,0,0,0,0],[2855,2571,2833,3417,3851,1572,2249,2538,1925,1412,1053,1135,1980,0,1891,689,917,758,572,1155,585,1193,345,761,689,1293,275,1956,241,446,555,1291,231,276,396,453,278,187,173,0,286,71,21,376,518,2,294,42,511,261,4,25,774,0,54,54,3,74,142,174,0,1,579,47,0,583,1,405,72,0,74,0,0,0,69,1,1,211,109,1,62,334,1,163,0,0,12,146,0,0,0,120,116,17,0,0,0,631,0,32,0,0,0,0,218,107,37,0,58,0,0,0,132,13,177,0,0,0,0,0,0,0,12,266,0,0,0,0,1,0,0,0,97,0,0,0,0,540,320,0,0,0,2,648,0,0,2,0,156,0,59,110,109,0,0,0,0,0,0,0,0,0,0,0,0,202,35,0,0,0,0,0,20,0,0,0,0,0,0,0,0,0,0,0,0,0,74,32,0,0,0,0,0,0,0,0,0,0,0,0,0,0,0,0,75,0,0,0,0,0,32,54,0,0,124,0,0,0,0,77,0,0,0,0,0,0,0,0,0,0,0,0,68,0,0,0,0,0,0,0,0,0,0,0,0,0,0,78,0,0,0,0,0,0,0,0,0,0,0,0,0,0,0,0,0,0,0,0,0,0,0,15,0,0,0,0,0,0,0,0,0,0,0,0,0,0,0,0,0,0,0,0,0,0,0,0,0,0,0,0,0,0,0,60,0,0,0,0,0,0,0,0,0,0,0,0,0,0,0,0,0,0,0,0,0,0,0,0,0,0,0,0,0,0,0,0,0,0,0,0,0,0,0,0,0,0,0,0,0,0,0,0,0,0,0,0,0,0,0,0,0,0,0,0,0,0,0,0,0,0,0,0,0,0,0,0,0,0,0,0,0,0,0,0,0,0,0,0,0,0,0,0,0,0,0,0,0,0,0,0,0,0,0,0,0,0,0,0,0,0,0,0,0,0,0,0,0,0,0,0,0,0,0,0,0],[3871,3231,6184,1672,2307,733,3919,1534,622,764,475,1556,1209,1891,0,1304,1575,1814,2414,405,607,112,179,722,862,439,0,720,61,678,525,244,45,631,688,785,511,664,601,0,1738,27,892,26,37,664,91,0,213,2,931,2,69,0,0,238,0,169,151,0,0,0,5,129,0,28,399,246,2,0,43,145,0,132,4,10,288,2,33,25,0,7,677,111,3,0,0,2,0,298,0,0,1,0,0,0,6,1,9,0,21,0,3,377,1,0,0,0,0,0,0,0,1,141,0,0,0,0,242,0,0,0,0,0,0,24,0,0,8,6,0,8,1,0,0,0,0,0,0,0,0,0,0,1,0,0,0,0,0,0,0,0,0,0,0,174,0,0,0,5,2,0,0,0,0,0,0,0,0,0,86,0,0,0,0,0,0,0,0,167,0,0,0,0,0,0,0,0,0,0,0,0,0,0,0,0,0,0,0,0,0,0,0,0,0,0,0,0,0,0,0,0,0,0,0,0,0,0,0,0,0,135,0,0,0,0,0,0,0,0,0,0,0,0,0,0,0,0,0,0,0,79,0,0,0,0,0,0,0,0,0,0,0,0,0,0,0,0,0,0,0,0,0,0,0,0,0,0,0,0,0,0,0,0,0,0,0,0,0,0,0,0,0,0,0,0,0,0,0,0,0,0,0,0,0,0,0,0,0,0,0,0,0,0,0,0,0,0,0,0,0,0,0,0,0,0,0,0,0,0,0,0,0,0,0,0,0,0,0,0,0,0,0,0,0,0,0,0,0,0,0,0,0,0,0,0,0,0,0,0,0,0,0,0,0,0,0,0,0,0,0,0,0,0,0,0,0,0,0,0,0,0,0,0,0,0,0,0,0,0,0,0,0,0,0,0,0,0,0,0,0,0,0,0,0,0,0,0,0,0,0,0,0,0,0,0,0,0,0,0,0,0,0,0,0,0,0,0,0,0,0,0,0,0,0],[1892,3334,2173,2048,1370,1572,1888,2442,1561,1973,1549,755,666,689,1304,0,1167,1108,669,768,822,590,805,448,753,328,181,223,261,341,618,187,735,293,408,293,352,299,651,11,13,27,343,79,85,103,347,332,206,3,2,11,112,0,243,93,332,20,151,94,14,0,1,414,0,71,74,0,16,28,256,76,0,77,1,0,0,0,53,402,123,0,12,31,0,0,122,115,0,0,0,75,0,318,0,0,0,0,0,35,127,0,0,0,0,0,0,370,0,0,47,0,0,0,0,0,224,175,33,0,4,435,33,0,0,0,0,94,97,0,37,0,0,58,0,79,0,0,0,28,117,0,219,57,167,0,0,0,0,225,5,0,3,298,0,0,65,0,0,0,0,10,0,0,0,0,0,0,0,0,0,83,0,178,32,0,105,0,0,0,0,2,212,0,0,59,0,0,0,0,0,211,0,0,0,110,32,0,57,0,104,231,0,0,0,0,0,0,0,0,19,0,0,130,0,0,0,0,0,0,0,0,0,0,0,0,0,0,88,0,0,0,0,0,0,0,0,0,0,0,0,0,0,0,0,0,40,0,0,0,0,0,0,0,0,0,0,0,0,0,0,0,0,0,0,0,0,0,0,0,0,0,0,0,0,0,0,0,95,0,88,0,0,0,78,0,0,0,0,33,0,0,0,0,69,0,0,0,0,0,36,0,0,0,0,0,0,0,0,0,0,0,0,0,0,0,0,0,49,0,47,0,0,0,0,0,0,0,0,0,0,0,0,0,0,0,0,0,0,0,0,0,0,0,0,0,0,0,0,0,0,0,0,0,0,0,0,0,0,0,0,0,0,0,0,0,0,0,0,0,0,0,0,0,0,0,0,0,0,0,0,0,0,0,0,0,0,0,0,0,0,0,0,1,0,0,0,0,0,0,0,0,0,0,0,0,0,0,0,0,0,0,0,0,0,0,0,0,0,0,0,0,0,0,0],[2641,3400,4049,2162,1457,2231,4483,1332,576,744,952,1366,1671,917,1575,1167,0,1136,1659,481,480,836,306,730,393,384,4,318,43,733,237,5,792,421,316,572,239,293,225,0,254,682,22,292,3,405,3,0,1,208,24,1,2,142,0,425,0,49,2,0,0,0,1,0,0,1,10,1,144,141,1,71,0,88,1,18,13,1,0,1,0,1,0,0,0,0,0,1,0,2,0,0,0,0,0,6,88,0,25,0,0,0,0,0,1,0,0,0,0,0,0,0,0,0,0,0,0,0,0,0,0,0,1,0,0,0,0,0,0,0,0,0,0,0,0,0,0,0,0,0,0,4,0,0,0,0,13,0,0,0,0,0,0,0,0,0,0,0,0,0,0,0,0,0,0,0,0,0,0,0,0,0,0,0,0,0,0,0,0,0,0,0,0,0,0,0,0,0,0,0,0,0,0,0,0,0,0,4,0,0,0,0,0,0,0,0,0,0,0,0,0,0,0,0,0,0,0,0,0,0,0,0,0,0,0,0,0,0,0,56,0,0,0,0,0,0,0,0,0,0,0,1,0,0,0,0,0,0,0,0,0,0,0,0,0,0,0,0,0,0,0,0,0,0,0,0,0,0,0,0,0,0,0,0,31,0,0,0,0,0,0,0,0,0,0,0,0,0,0,0,0,0,0,0,0,0,0,0,0,0,0,0,0,0,0,0,0,2,0,0,0,0,0,0,0,0,0,0,0,0,0,0,0,0,0,0,0,0,0,0,0,0,0,0,0,0,0,0,3,0,0,0,0,0,0,0,0,0,0,0,8,0,0,0,0,11,0,9,0,8,8,0,7,0,6,0,6,0,0,0,0,0,0,0,0,0,0,0,0,1,0,0,0,0,0,0,0,0,0,0,0,0,0,0,0,0,0,0,0,0,0,0,0,0,0,0,0,0,0,0,0,0,0,0,0,0,0,0,0,0,0,0,0,0,0],[2052,2039,2395,1359,1329,894,2195,1318,1484,1098,1069,802,1716,758,1814,1108,1136,0,818,463,633,950,301,720,541,306,15,413,3,354,446,183,837,278,355,297,263,268,448,0,9,138,416,65,2,283,178,0,180,88,239,1,78,0,0,177,0,159,201,0,0,0,3,485,0,42,198,129,48,202,154,211,0,196,167,174,176,36,144,379,0,1,9,0,119,0,130,1,0,140,0,0,0,0,0,120,12,0,163,135,113,0,0,0,1,29,0,0,0,59,0,0,0,122,0,0,0,0,44,0,0,0,0,0,106,0,0,0,5,0,104,0,0,77,0,168,0,0,0,57,0,0,0,0,153,0,0,0,0,174,0,0,0,0,108,0,245,0,0,0,0,0,0,0,86,0,0,0,0,0,92,0,0,0,0,0,164,0,0,0,0,0,0,0,0,184,0,0,0,218,1,0,113,0,0,0,208,0,0,0,69,0,0,0,0,0,0,0,0,0,0,0,0,0,0,103,0,0,122,0,0,0,0,0,0,0,0,0,0,0,0,0,0,0,0,0,0,0,0,0,0,0,0,0,0,0,62,0,0,0,0,0,0,0,0,0,0,0,0,0,0,0,0,0,0,0,113,0,0,0,0,0,0,0,0,0,0,0,0,0,0,0,0,0,0,0,75,0,0,40,0,0,0,0,0,0,0,0,0,0,27,0,0,0,0,0,0,0,0,56,0,0,0,0,0,0,0,0,0,0,0,0,0,0,35,0,0,0,0,0,0,0,0,0,0,0,0,0,0,0,0,0,0,0,0,0,0,0,0,0,0,0,0,0,0,0,0,0,0,0,0,0,0,0,0,0,0,0,0,0,0,0,0,0,0,0,0,0,0,0,0,0,0,0,0,0,0,0,0,0,0,0,0,0,0,0,0,0,0,0,0,0,0,0,0,0,0,0,0,0,0,0,0,0,0,0,0,0,0,0,0,0,0,0,0],[2165,2394,289,1259,1614,990,477,1192,866,1112,424,1267,1945,572,2414,669,1659,818,0,329,200,1044,76,696,519,237,0,368,2,580,213,112,519,249,305,410,353,254,201,0,528,473,357,258,0,230,61,0,140,218,413,2,33,0,0,249,1,254,98,1,0,0,1,109,0,1,253,79,124,165,45,228,0,228,116,314,308,0,75,60,0,20,108,0,155,0,134,0,0,1,0,0,0,0,0,248,0,0,177,67,0,0,0,0,1,0,86,0,0,0,0,0,0,62,0,129,0,0,2,0,0,0,0,0,98,0,0,0,0,0,17,0,0,0,80,0,0,0,0,0,0,206,0,0,0,62,0,2,0,0,0,0,0,0,141,0,0,0,0,0,0,0,0,102,0,0,28,0,0,0,111,0,0,0,0,0,0,0,0,0,0,0,0,0,0,0,0,0,0,0,0,0,131,0,0,0,0,0,0,0,0,0,0,0,0,0,0,0,0,0,0,0,0,0,0,112,0,0,70,0,0,0,0,0,0,0,0,0,0,0,0,0,0,0,107,0,0,0,0,0,0,0,0,0,0,0,0,0,0,0,0,0,0,0,0,0,0,0,0,0,0,117,0,0,0,0,0,0,0,0,0,0,0,0,0,0,0,0,0,0,0,0,0,0,0,77,0,0,0,0,0,0,0,0,0,68,0,0,0,0,0,0,0,0,0,0,0,0,0,0,0,0,0,0,0,0,0,0,0,0,0,0,0,0,0,0,0,0,0,0,0,0,0,0,0,0,0,0,0,0,0,0,0,0,0,0,0,0,0,0,0,0,0,0,0,0,0,0,0,0,0,0,0,0,0,0,0,0,0,0,0,0,0,0,0,0,0,0,0,0,0,0,0,0,0,0,0,0,0,0,0,0,0,0,0,0,0,0,0,0,0,0,0,0,0,0,0,0,0,0,0,0,0,0,0,0,0,0,0,0,0,0,0,0,0],[1175,1972,1528,957,1987,5649,1151,1777,1743,1874,1616,482,306,1155,405,768,481,463,329,0,965,111,816,211,324,448,442,186,1619,12,297,286,2,14,38,9,40,6,43,228,0,0,1,7,276,2,71,0,1,0,1,239,30,3,187,0,36,11,3,230,82,89,44,1,0,23,0,1,0,0,0,0,0,0,0,1,1,1,0,0,9,1,0,65,0,0,0,3,0,0,148,0,0,0,0,0,0,0,0,0,0,10,0,0,1,0,0,0,0,0,0,0,1,0,0,0,0,0,0,0,2,0,0,0,0,0,44,0,0,0,0,0,1,0,0,0,0,0,0,0,0,0,0,2,0,0,0,0,0,0,0,0,0,0,0,0,0,1,0,0,0,68,0,0,0,0,0,0,60,0,0,0,0,0,0,0,0,0,0,0,0,0,0,0,0,0,0,0,0,0,0,0,0,0,0,0,0,0,0,0,0,0,0,0,0,0,0,0,0,33,5,0,0,0,0,0,0,0,0,0,0,0,0,11,0,1,0,0,0,0,0,0,0,0,0,0,0,0,0,0,0,0,0,0,0,0,0,0,0,0,0,0,0,0,0,0,0,0,0,0,0,0,0,0,0,0,0,0,0,0,0,0,0,0,0,0,0,0,0,0,0,0,0,0,0,0,0,0,0,0,12,0,0,0,0,0,0,0,0,0,0,0,0,0,0,0,0,0,0,0,0,0,0,0,0,0,0,0,0,0,0,0,0,0,0,0,0,0,0,0,0,0,0,0,0,0,0,0,0,0,0,0,0,0,0,0,0,0,0,0,0,0,0,0,0,0,0,0,0,0,0,0,0,0,0,0,0,0,0,0,0,0,0,0,0,0,0,0,0,0,0,0,0,0,0,0,0,0,0,0,0,0,0,0,0,0,0,0,0,0,0,0,0,0,0,0,0,0,0,0,0,0,0,0,0,0,0,0,0,0,0,0,0,0,0],[1487,1293,1102,2779,1342,2148,692,2429,1405,1615,1337,306,276,585,607,822,480,633,200,965,0,88,948,155,185,266,259,140,583,147,250,214,0,30,96,30,228,4,53,44,0,0,0,0,216,0,132,24,0,0,2,403,120,805,517,0,379,0,0,146,0,0,2,0,0,62,1,1,0,0,58,0,0,0,0,1,1,0,0,57,128,0,0,82,0,0,0,0,0,0,151,0,0,276,0,0,0,0,0,0,0,121,0,0,0,0,0,0,0,0,0,112,1,0,0,0,238,217,0,104,0,0,269,0,0,0,0,188,0,0,0,0,0,0,0,0,0,0,0,0,202,0,68,0,0,0,0,0,0,0,60,0,0,0,0,0,0,0,0,0,0,0,126,0,0,0,0,0,0,0,0,117,1,0,0,0,0,0,0,0,0,198,0,0,0,0,0,2,0,0,0,0,0,0,156,0,0,0,131,0,0,0,0,0,0,0,0,0,0,0,0,0,136,0,0,0,0,82,0,0,0,0,0,0,0,0,0,0,0,0,0,91,0,0,0,0,0,0,0,0,0,0,0,0,0,0,0,0,151,0,0,0,0,0,141,0,0,0,0,59,0,0,0,0,0,0,0,0,0,0,0,0,0,0,0,0,0,0,0,0,0,84,0,0,0,0,0,0,0,0,0,0,0,0,0,0,0,0,0,0,0,0,0,0,0,0,0,0,0,0,55,0,0,0,0,0,49,0,0,0,0,0,0,0,0,0,0,0,0,0,0,0,0,0,0,0,24,0,0,0,0,0,0,0,0,0,0,0,0,0,0,0,0,0,0,0,0,0,0,0,0,0,0,0,0,0,0,0,0,0,0,0,0,0,0,0,0,0,0,0,0,0,0,0,0,0,0,0,0,0,0,0,0,0,0,0,0,0,0,0,0,0,0,0,0,0,0,0,0,0,0,0,0,0,0,0,0,0,0,0,0,0,0,0,0],[2891,1898,2513,277,1367,155,2203,955,502,547,183,1258,1082,1193,112,590,836,950,1044,111,88,0,4,493,339,160,0,459,4,368,202,116,27,294,357,388,210,328,242,0,364,15,495,19,3,300,9,0,109,1,316,3,3,0,1,2,0,1,138,0,0,0,1,28,0,2,149,172,1,0,1,109,0,0,2,3,188,1,0,0,0,5,318,34,2,0,0,0,0,87,0,0,1,0,0,0,17,1,0,0,0,0,2,182,0,0,0,0,0,0,0,0,1,21,0,0,0,0,87,0,0,0,0,0,0,18,0,0,5,2,0,10,0,0,0,0,0,0,0,0,0,0,0,1,0,0,0,0,0,0,0,0,0,0,0,0,0,0,0,1,1,0,0,0,0,0,0,0,0,0,0,0,0,0,0,0,0,0,0,20,0,0,0,0,0,0,0,0,0,0,0,0,0,0,0,0,0,0,0,0,0,0,0,0,0,0,0,0,0,0,0,0,0,0,0,0,0,0,0,0,0,0,0,0,0,0,0,0,0,0,0,0,0,0,0,0,0,0,0,0,0,0,0,0,0,0,0,0,0,0,0,0,0,0,0,0,0,0,0,0,0,0,0,0,0,0,0,0,0,0,0,0,0,0,0,0,0,0,0,0,0,0,0,0,0,0,0,0,0,0,0,0,0,0,0,0,0,0,0,0,0,0,0,0,0,0,0,0,0,0,0,0,0,0,0,0,0,0,0,0,0,0,0,0,0,0,0,0,0,0,0,0,0,0,0,0,0,0,0,0,0,0,0,0,0,0,0,0,0,0,0,0,0,0,0,0,0,0,0,0,0,0,0,0,0,0,0,0,0,0,0,0,0,0,0,0,0,0,0,0,0,0,0,0,0,0,0,0,0,0,0,0,0,0,0,0,0,0,0,0,0,0,0,0,0,0,0,0,0,0,0,0,0,0,0,0,0,0,0,0,0,0,0,0,0],[610,1447,869,2890,973,3879,352,1517,1277,1257,1798,209,1,345,179,805,306,301,76,816,948,4,0,5,182,210,420,3,742,1,156,4,0,33,1,2,1,1,18,378,0,0,0,2,109,1,29,424,0,1,0,179,2,270,428,0,484,0,0,47,102,60,2,0,0,1,0,1,0,0,0,4,0,0,0,0,1,0,0,0,155,0,0,0,0,0,0,0,0,0,74,0,0,55,0,0,0,0,0,0,0,174,0,0,0,0,0,0,0,0,0,285,0,0,0,0,66,64,0,251,58,0,0,0,0,0,61,30,0,0,0,0,0,0,0,0,0,0,0,0,34,0,0,0,0,0,0,0,0,0,0,0,0,0,0,0,0,0,0,0,0,89,0,0,0,0,0,0,0,0,0,0,0,0,0,0,0,0,0,0,0,0,0,0,0,0,0,0,0,0,0,0,0,0,0,0,0,0,0,0,0,0,0,0,0,0,0,0,0,0,0,0,8,0,0,0,0,0,0,0,0,0,0,0,0,0,0,0,0,0,0,2,0,0,0,0,0,0,0,0,0,0,0,0,0,0,0,0,0,0,0,0,0,0,0,0,0,0,0,0,0,0,0,0,0,0,0,0,0,0,0,0,0,0,0,0,0,0,0,0,0,0,0,0,0,0,0,0,0,0,0,0,0,0,0,0,0,0,0,0,0,0,0,0,0,0,0,0,0,0,0,0,0,0,0,0,0,0,0,0,0,0,1,0,0,0,0,0,0,0,0,0,0,0,0,0,0,0,0,0,0,0,0,0,0,0,0,0,0,0,0,0,0,0,0,0,0,0,0,0,0,0,0,0,0,0,0,0,0,0,0,0,0,0,0,0,0,0,0,0,2,0,0,0,1,0,0,0,0,0,0,0,0,0,0,0,0,0,0,0,0,0,0,0,0,0,0,0,0,0,0,0,0,0,0,0,0,0,0,0,0,0,0,0,0],[1227,1483,1368,788,1441,455,1386,969,542,389,368,849,740,761,722,448,730,720,696,211,155,493,5,0,326,310,0,403,10,464,404,238,62,321,3,178,32,232,255,0,4,1,4,318,5,4,4,0,18,152,2,2,4,0,1,14,1,4,7,2,0,0,3,1,0,3,1,4,10,11,2,2,15,10,1,1,2,2,9,0,0,221,2,0,0,19,0,2,0,0,0,0,10,0,0,0,0,2,0,2,0,0,1,0,262,4,0,0,0,4,0,0,1,0,0,0,0,0,34,0,0,0,0,0,0,0,0,0,0,0,0,0,1,0,0,0,0,1,0,0,0,0,0,1,0,0,0,0,0,0,0,0,0,0,0,0,0,0,0,0,0,0,0,0,1,0,0,1,0,0,0,0,0,0,0,0,0,0,0,0,0,0,0,0,0,0,0,0,0,0,0,0,0,0,0,0,0,0,0,0,0,0,0,0,0,0,0,0,0,0,0,0,0,0,0,0,0,0,0,0,0,0,0,0,0,0,0,0,0,0,0,0,0,0,0,0,0,0,0,0,0,0,0,0,0,0,0,0,0,0,0,0,0,0,0,0,0,0,0,0,0,0,0,0,0,0,0,0,0,0,0,0,0,0,0,0,0,0,0,0,0,0,0,0,0,0,0,0,0,0,0,0,0,0,0,0,0,0,0,0,0,0,0,0,0,0,0,0,0,0,0,0,0,0,0,0,0,0,0,0,0,0,0,0,0,0,0,0,0,0,0,0,0,0,0,0,0,0,0,0,0,0,0,0,0,0,0,0,0,0,0,0,0,0,0,0,0,0,0,0,0,0,0,0,0,0,0,0,0,0,0,0,0,0,0,0,0,0,0,0,0,0,0,0,0,0,0,0,0,1,0,0,0,0,0,0,0,0,0,0,0,0,0,0,0,0,0,0,0,0,0,0,0,0,0,0,0,0,0,0,0,0,0,0,0],[1410,1528,1228,596,1423,499,1129,1142,744,744,387,501,432,689,862,753,393,541,519,324,185,339,182,326,0,232,0,221,83,216,416,254,277,251,4,149,59,236,215,0,2,3,27,12,5,2,339,0,2,34,2,4,222,0,2,1,1,2,2,1,0,0,5,1,0,201,2,2,0,0,226,0,0,0,1,1,2,210,0,0,0,5,0,0,0,0,0,202,0,0,0,1,0,0,0,0,0,1,0,0,0,0,0,0,66,0,0,0,2,0,0,0,1,0,0,0,0,0,0,0,0,0,0,0,0,0,0,0,1,0,0,0,1,0,0,0,0,1,0,1,0,0,0,3,0,0,0,0,0,0,0,0,0,0,0,0,0,0,0,0,0,0,0,0,1,0,0,0,0,0,0,0,0,0,1,0,0,0,0,0,0,0,0,0,0,0,0,0,0,0,0,0,0,0,0,0,0,0,0,0,0,0,0,0,0,0,0,1,0,0,0,0,0,0,0,0,0,0,0,0,0,0,0,0,0,0,0,1,0,0,0,0,0,0,0,0,0,0,0,0,0,0,0,0,0,0,0,0,0,0,0,0,0,0,0,0,0,0,0,0,0,0,0,0,0,0,0,0,0,0,0,0,0,0,0,0,0,0,0,0,0,0,0,0,0,0,0,0,0,0,0,0,0,0,0,0,0,0,0,0,0,0,0,0,0,0,0,0,0,0,0,0,0,0,0,7,0,0,0,0,0,0,0,0,0,0,0,0,0,0,0,0,0,0,0,0,0,0,0,2,0,0,0,1,0,0,0,19,0,0,0,0,12,0,0,0,0,0,0,0,0,0,0,0,0,0,0,0,5,0,1,0,0,0,0,0,0,0,0,0,0,0,0,0,0,0,0,0,0,0,0,0,0,0,0,0,0,0,0,0,0,0,0,0,0,0,0,0,0,0,0,0,0,0,0,0,0,0,0,0,0,0,0,0,0],[1466,1266,1334,1232,2363,1224,714,1344,695,964,480,563,488,1293,439,328,384,306,237,448,266,160,210,310,232,0,0,284,76,113,127,36,1,60,75,42,98,28,39,0,0,0,2,27,134,26,19,0,37,19,13,25,5,172,2,1,2,0,6,1,0,0,237,1,41,4,1,3,0,0,0,1,37,0,4,0,1,2,0,0,0,3,0,0,0,0,0,0,0,0,0,0,17,0,0,0,0,5,0,0,0,0,0,0,11,0,0,0,0,0,0,0,90,0,0,0,0,0,3,0,0,0,0,0,0,0,0,0,0,0,0,0,8,0,0,0,0,1,0,0,0,0,0,91,0,0,0,0,0,0,0,0,0,0,0,0,0,0,0,0,0,0,0,0,0,0,0,0,0,0,0,0,0,0,0,0,0,0,19,0,0,0,0,0,0,0,1,0,0,0,0,0,0,0,0,0,0,0,0,0,0,0,0,0,0,0,0,0,0,0,0,0,0,0,0,0,0,0,0,0,0,0,0,0,0,0,0,0,0,0,0,0,1,0,0,0,0,0,0,0,0,0,0,0,0,0,0,0,0,0,0,0,0,0,0,0,0,0,0,0,0,0,0,0,0,0,0,0,0,0,0,0,0,0,0,0,0,0,0,0,0,0,0,0,0,0,0,0,0,0,0,0,0,0,0,0,0,0,0,0,0,0,0,0,0,0,0,0,0,0,0,0,0,0,0,0,0,0,0,0,0,0,0,0,0,0,0,0,0,0,0,0,0,0,0,0,0,0,0,0,0,0,0,0,0,0,0,0,0,0,0,0,0,0,0,0,0,0,0,0,0,0,0,0,0,0,0,0,0,0,0,0,0,0,0,0,0,0,0,0,0,0,0,0,0,0,0,0,0,0,0,0,0,0,0,0,0,0,0,0,0,0,0,0,0,0,0,0,0,0,0,0,0,0,0,0,0,0,0,0,0,0,0,0,0],[266,283,448,3125,462,2281,88,335,693,567,920,3,0,275,0,181,4,15,0,442,259,0,420,0,0,0,0,0,251,0,0,0,0,0,0,0,0,0,1,2850,0,0,0,0,0,0,0,142,0,0,0,0,0,59,0,0,0,0,0,0,1815,1975,0,0,0,0,0,0,0,0,0,0,0,0,0,0,0,0,0,0,0,0,0,0,0,0,0,0,0,0,0,0,0,0,1494,0,0,0,0,0,0,0,0,0,0,0,0,0,0,0,0,0,0,0,0,0,0,0,0,0,0,0,0,0,0,0,0,0,0,0,0,0,0,0,0,0,0,0,0,0,0,0,0,0,0,0,0,0,0,0,0,0,0,0,0,0,0,0,0,0,0,0,0,0,0,0,0,0,0,0,0,0,0,0,0,0,0,0,0,0,0,0,0,0,0,0,0,0,0,0,0,0,0,0,0,0,0,0,0,0,0,0,0,0,0,0,0,0,0,0,0,0,0,0,0,0,0,0,0,0,0,0,0,0,177,0,0,0,0,0,0,0,0,0,0,0,0,0,0,0,0,0,0,0,0,0,0,0,0,0,0,0,0,0,0,0,0,0,0,0,0,0,0,0,0,0,0,0,0,0,0,0,0,0,0,0,0,0,0,0,0,0,80,0,0,0,0,0,0,0,0,0,0,0,0,0,0,0,0,0,0,0,0,0,0,0,0,0,0,0,0,0,0,0,0,0,0,0,0,0,0,0,0,0,0,0,32,0,0,29,0,0,23,0,0,0,0,0,0,0,0,0,0,0,0,0,0,0,0,0,0,0,0,0,0,0,0,0,0,0,0,0,0,0,0,0,0,0,0,0,0,0,0,0,0,0,0,0,0,0,0,0,0,0,0,0,0,0,0,0,0,0,0,0,0,0,0,0,0,0,0,0,0,0,0,0,0,0,0,0,0,0,0,0,0,0,0,0,0,0,0,0,0,0,0],[2005,1102,1219,937,1662,446,1269,680,401,174,180,660,877,1956,720,223,318,413,368,186,140,459,3,403,221,284,0,0,12,92,125,155,0,89,25,57,55,66,4,0,4,0,2,4,6,1,2,0,14,2,19,3,3,0,2,3,3,0,1,1,0,0,2,0,24,4,1,1,0,0,1,1,22,0,1,0,1,2,0,0,0,4,27,0,0,0,0,0,0,0,0,0,1,0,0,0,0,3,0,0,0,0,0,26,1,0,0,0,0,0,0,0,2,0,4,0,0,0,0,0,1,0,0,10,0,0,0,0,1,0,0,0,1,0,0,0,0,2,0,0,0,0,0,3,0,0,0,0,3,0,0,2,3,0,0,0,0,0,0,0,0,0,0,0,0,4,0,0,0,0,0,0,0,0,0,0,0,0,13,0,0,0,0,0,37,0,0,0,0,0,0,0,0,0,0,0,0,0,0,0,0,0,0,0,1,0,0,0,0,0,0,1,0,0,0,0,0,0,0,0,0,0,0,0,0,0,0,0,0,0,0,0,0,0,0,0,0,0,0,0,0,0,0,0,0,0,0,0,0,0,0,0,0,0,0,0,0,0,0,0,0,0,0,0,0,0,0,0,0,0,0,0,0,0,0,0,0,0,0,0,0,0,0,0,0,0,0,0,0,0,0,0,0,0,0,0,0,0,0,0,0,0,0,0,0,0,0,0,0,0,0,0,0,0,0,0,0,0,0,0,0,0,0,0,0,0,0,0,0,0,0,0,0,0,0,0,0,0,0,0,0,0,0,0,0,0,0,0,0,0,0,0,0,0,0,0,0,0,0,0,0,0,0,0,0,0,0,0,0,0,0,0,0,0,0,0,0,0,0,0,0,0,0,0,0,0,0,0,0,0,0,0,0,0,0,0,0,0,0,0,0,0,0,0,0,0,0,0,0,0,0,0,0,0,0,0,0,0,0,0,0,0,0,0,0],[433,589,233,4055,827,339,259,1054,907,1277,1384,190,4,241,61,261,43,3,2,1619,583,4,742,10,83,76,251,12,0,2,12,11,0,1,3,1,0,1,3,134,0,0,1,1,8,2,3,0,0,0,0,8,1,534,200,0,132,0,2,10,0,0,3,1,0,1,1,0,0,0,1,0,0,0,0,0,1,2,0,0,0,0,0,0,0,0,0,1,0,0,4,0,0,0,0,0,0,1,0,0,0,0,0,0,0,0,0,0,0,0,0,1,0,0,0,0,0,0,0,0,0,0,0,0,0,0,0,0,0,0,0,0,0,0,0,0,0,0,0,0,0,0,0,0,0,0,0,0,0,0,0,0,0,0,0,0,0,0,0,0,0,1,0,0,0,0,0,0,1,0,0,0,0,0,0,0,0,0,0,0,0,0,0,0,0,0,0,0,0,0,0,0,0,0,0,0,0,0,0,0,0,0,0,0,0,0,0,0,0,0,0,0,0,0,0,0,0,0,0,0,0,0,0,0,0,0,0,0,0,0,0,0,0,0,0,0,0,0,0,0,0,0,0,0,0,0,0,0,0,0,0,0,0,0,0,0,0,0,0,0,0,0,0,0,0,0,0,0,0,0,0,0,0,0,0,0,0,0,0,0,0,0,0,0,0,0,0,0,0,0,0,0,0,0,0,0,0,0,0,0,0,0,0,0,0,0,0,0,0,0,0,0,0,0,0,0,0,0,0,0,0,0,0,0,0,0,0,0,0,0,0,0,0,0,0,0,0,0,0,0,0,0,0,0,0,0,0,0,0,0,0,0,0,0,0,0,0,0,0,0,0,0,0,0,0,0,0,0,0,0,0,0,0,0,0,0,0,0,0,0,0,0,0,0,0,0,0,0,0,0,0,0,0,0,0,0,0,0,0,0,0,0,0,0,0,0,0,0,0,0,0,0,0,0,0,0,0,0,0,0,0,0,0,0,0],[1774,1163,1894,370,793,341,1427,661,316,126,281,1021,636,446,678,341,733,354,580,12,147,368,1,464,216,113,0,92,2,0,88,30,3,74,77,19,138,66,35,0,25,0,49,1,0,25,1,0,1,5,38,1,2,0,0,4,1,3,2,0,0,0,0,0,42,0,3,1,1,2,2,1,43,13,3,14,2,1,1,1,0,1,11,0,11,47,0,2,0,0,0,0,8,0,0,0,0,0,3,0,0,0,2,0,0,0,2,0,0,0,0,0,0,0,0,4,0,0,49,0,0,0,0,0,0,0,0,0,0,0,0,0,0,0,1,0,0,0,0,0,0,0,0,0,0,1,0,0,0,0,0,0,0,0,0,0,0,0,3,0,0,0,0,0,0,0,0,0,0,0,0,0,0,0,0,0,0,0,0,0,1,0,0,0,0,0,0,0,0,0,0,0,0,0,0,0,0,0,0,1,0,0,0,0,0,0,0,0,0,0,0,0,0,0,0,0,0,0,0,0,0,0,0,0,0,0,0,0,0,0,0,0,0,0,0,0,0,0,0,0,0,0,0,0,0,0,0,0,0,1,0,0,0,0,0,0,0,0,0,0,0,0,0,0,0,0,0,0,0,0,0,0,0,0,0,0,0,0,0,0,0,0,0,0,0,0,0,0,0,0,0,0,0,0,0,0,0,0,0,0,0,0,0,0,0,0,0,0,0,0,0,0,0,0,0,0,0,0,0,0,0,0,0,0,0,0,0,0,0,0,0,0,0,0,0,0,0,0,0,0,0,0,0,0,0,0,0,0,0,0,0,0,0,0,0,0,0,0,0,0,0,0,0,0,0,0,0,0,0,0,0,0,0,0,0,0,0,0,0,0,0,0,0,0,0,0,0,0,0,0,0,0,0,0,0,0,0,0,0,0,0,0,0,0,0,0,0,0,0,0,0,0,0,0,0,0,0,0,0,0,0,0,0,0,0],[1373,1680,577,761,1380,343,790,1343,693,709,369,392,197,555,525,618,237,446,213,297,250,202,156,404,416,127,0,125,12,88,0,123,58,7,178,9,61,6,171,0,1,1,1,11,109,2,7,0,1,2,2,4,4,0,1,4,1,1,2,2,0,0,3,1,39,2,0,1,0,9,3,1,40,0,1,0,1,1,0,0,0,15,1,0,0,49,0,7,21,0,0,1,29,0,0,0,0,1,0,0,1,0,0,0,2,0,0,0,3,0,0,0,2,0,0,0,0,0,0,0,0,0,0,0,0,0,0,0,1,0,0,0,1,0,0,0,0,0,0,0,0,0,0,1,0,0,0,0,0,0,0,0,0,0,0,0,0,0,0,0,0,0,0,0,0,0,0,0,0,0,0,0,0,0,0,0,0,0,0,0,0,0,0,0,0,0,0,0,0,0,0,0,0,0,0,1,0,0,0,0,0,0,0,0,0,0,0,1,0,0,0,0,0,0,0,0,0,0,0,0,0,0,0,0,0,0,0,0,0,0,0,0,0,1,0,0,0,0,0,0,0,0,0,0,0,0,0,0,0,0,0,0,0,0,0,0,0,0,0,0,0,0,0,0,0,0,0,0,0,0,0,0,0,0,0,0,0,0,0,0,0,0,0,0,0,0,0,0,0,0,0,0,0,0,0,0,0,0,0,0,0,0,0,0,0,0,0,0,0,0,0,0,0,0,0,0,0,0,0,0,0,0,0,0,0,0,0,0,0,0,0,0,0,0,0,0,0,0,0,0,0,0,0,0,0,0,0,0,0,0,0,0,0,0,0,0,0,0,0,0,0,0,0,0,0,0,0,0,0,0,0,0,0,0,0,0,0,0,0,0,0,0,0,0,0,0,0,0,0,0,0,0,0,0,0,0,0,0,0,0,0,0,0,0,0,0,0,0,0,0,0,0,0,0,0,0,0,0,0,0,0,0,0,0,0],[1293,797,237,671,2487,133,558,695,642,836,179,447,107,1291,244,187,5,183,112,286,214,116,4,238,254,36,0,155,11,30,123,0,0,8,5,2,27,10,2,0,1,0,1,8,12,0,8,0,5,2,2,4,9,0,1,1,1,2,1,1,0,0,210,0,35,7,1,2,0,0,0,0,0,0,1,0,1,1,0,0,0,0,1,37,0,0,0,0,0,0,0,0,0,0,0,0,0,3,0,0,0,0,0,0,1,0,0,0,0,0,0,0,3,0,0,0,0,0,0,0,0,0,0,0,0,0,0,0,0,0,0,0,2,0,0,0,0,3,1,0,0,0,0,2,0,0,0,0,0,0,0,0,0,0,0,0,0,0,0,0,0,0,0,0,0,0,0,0,0,0,0,0,0,0,0,0,0,0,0,0,0,0,0,0,0,0,0,0,0,0,0,0,0,0,0,0,0,0,0,0,0,0,0,0,0,0,0,0,0,0,0,0,0,0,0,0,0,0,0,1,0,0,0,0,0,0,0,0,0,0,0,0,0,0,0,0,0,0,0,0,0,0,0,0,0,0,0,0,0,0,0,0,0,0,0,0,0,0,0,0,0,0,0,0,0,0,0,0,0,0,0,0,0,0,0,0,0,0,0,0,0,0,0,0,0,0,0,0,0,0,0,0,0,0,0,0,0,0,0,0,0,0,0,0,0,0,0,0,0,0,0,0,0,0,0,0,0,0,0,0,0,0,0,0,0,0,0,0,0,0,0,0,0,0,0,0,0,0,0,0,0,0,0,0,0,0,0,0,0,0,0,0,0,0,0,0,0,0,0,0,0,0,0,0,0,0,0,0,0,0,0,0,0,0,0,0,0,0,0,0,0,0,0,0,0,0,0,0,0,0,0,0,0,0,0,0,0,0,0,0,0,0,0,0,0,0,0,0,0,0,0,0,0,0,0,0,0,0,0,0,0,0,0,0,0],[1596,1480,1363,2,387,2,888,211,5,7,0,702,35,231,45,735,792,837,519,2,0,27,0,62,277,1,0,0,0,3,58,0,0,333,292,204,249,252,196,0,0,9,237,3,0,57,18,0,0,0,89,0,1,0,0,1,0,0,0,0,0,0,0,58,0,0,16,0,0,0,0,1,0,0,0,0,1,0,0,0,0,0,90,22,0,0,0,0,0,91,0,0,0,0,0,0,4,0,0,0,0,0,0,236,0,0,0,0,0,0,0,0,0,28,0,0,0,0,73,0,0,0,0,0,0,10,0,0,4,0,0,0,0,0,0,0,0,0,0,0,0,0,0,0,0,0,0,0,0,0,0,0,0,0,0,0,0,0,0,0,0,0,0,0,0,0,0,0,0,0,0,0,0,0,0,0,0,0,0,28,0,0,0,0,0,0,0,0,0,0,0,0,0,0,0,0,0,0,0,0,0,0,0,0,0,0,0,0,0,0,0,0,0,0,0,0,0,0,0,0,0,0,0,0,0,0,0,0,0,0,0,0,0,0,0,0,0,0,0,0,0,0,0,0,0,0,0,0,0,0,0,0,0,0,0,0,0,0,0,0,0,0,0,0,0,0,0,0,0,0,0,0,0,0,0,0,0,0,0,0,0,0,0,0,0,0,0,0,0,0,0,0,0,0,0,0,0,0,0,0,0,0,0,0,0,0,0,0,0,0,0,0,0,0,0,0,0,0,0,0,0,0,0,0,0,0,0,0,0,0,0,0,0,0,0,0,0,0,0,0,0,0,0,0,0,0,0,0,0,0,0,0,0,0,0,0,0,0,0,0,0,0,0,0,0,0,0,0,0,0,0,0,0,0,0,0,0,0,0,0,0,0,0,0,0,0,0,0,0,0,0,0,0,0,0,0,0,0,0,0,0,0,0,0,0,0,0,0,0,0,0,0,0,0,0,0,0,0,0,0,0,0,0,0,0],[1218,1725,926,422,527,211,774,644,561,342,50,530,487,276,631,293,421,278,249,14,30,294,33,321,251,60,0,89,1,74,7,8,333,0,2,10,7,14,174,0,2,0,38,39,0,2,1,0,0,3,1,0,1,0,1,0,0,1,1,0,0,0,0,1,48,1,0,0,47,103,1,1,53,0,0,0,0,1,0,0,0,1,1,0,0,65,2,0,0,0,0,0,13,0,0,0,0,0,0,0,0,0,0,0,0,0,0,0,0,0,0,0,0,9,0,0,0,0,0,0,0,0,0,0,0,0,0,0,0,0,1,0,0,0,0,0,0,0,0,0,0,0,0,0,0,0,0,0,0,0,0,0,0,0,0,0,0,0,0,0,0,0,0,0,0,0,0,0,0,0,0,0,0,0,0,0,0,0,0,0,0,0,0,0,0,0,0,0,0,0,0,0,0,0,0,0,0,0,0,0,0,0,0,0,0,0,0,0,0,0,0,0,0,0,0,0,0,0,1,0,0,0,0,0,0,0,0,0,0,0,0,0,0,0,0,0,0,0,0,0,0,0,0,0,0,0,0,0,0,0,0,0,0,0,0,0,0,0,0,0,0,0,0,0,0,0,0,0,0,0,0,0,0,0,0,0,0,0,0,0,0,0,0,0,0,0,0,0,0,0,0,0,0,0,0,0,0,0,0,0,0,0,0,0,0,0,0,0,0,0,0,0,0,0,0,0,0,0,0,0,0,0,0,0,0,0,0,0,0,0,0,0,0,0,0,0,0,0,0,0,0,0,0,0,0,0,0,0,0,0,0,0,0,0,0,0,0,0,0,0,0,0,0,0,0,0,0,0,0,0,0,0,0,0,0,0,0,0,0,0,0,0,0,0,0,0,0,0,0,0,0,0,0,0,0,0,0,0,0,0,0,0,0,0,0,0,0,0,0,0,0,0,0,0,0,0,0,0,0,0,0,0,0,0,0],[1331,956,864,391,744,330,829,819,524,474,190,567,378,396,688,408,316,355,305,38,96,357,1,3,4,75,0,25,3,77,178,5,292,2,0,1,7,5,1,0,1,2,1,51,2,1,0,0,1,20,1,1,1,0,0,1,0,1,5,1,0,0,1,1,105,1,1,0,25,17,0,1,152,0,0,0,1,0,0,0,0,0,0,0,0,122,2,0,16,0,0,0,20,1,0,0,17,0,0,1,0,0,0,0,0,0,0,0,0,0,0,0,0,0,0,0,0,0,0,0,0,0,0,0,0,0,0,0,0,0,3,0,0,0,0,1,0,0,0,0,0,0,0,1,0,0,0,0,0,0,0,0,0,0,0,0,0,0,0,0,0,0,0,0,1,0,0,0,0,0,0,0,0,0,0,0,0,0,0,0,0,0,0,0,0,0,0,0,0,0,0,0,0,0,0,0,0,0,0,0,0,0,0,0,0,0,0,0,0,0,0,0,0,0,0,0,0,0,0,0,0,0,0,0,0,0,0,0,0,0,0,0,0,0,0,0,0,0,0,0,0,0,0,0,0,0,0,0,0,0,0,0,0,0,0,0,0,0,0,0,0,0,0,0,0,0,0,0,0,0,0,0,0,0,0,0,0,0,0,0,0,0,0,0,0,0,0,0,0,0,0,0,0,0,0,0,0,0,0,0,0,0,0,0,0,0,0,0,0,0,0,0,0,0,0,0,0,0,0,0,0,0,0,0,0,0,0,0,0,0,0,0,0,0,0,0,0,0,0,0,0,0,0,0,0,0,0,0,0,0,0,0,0,0,0,0,0,0,0,0,0,0,0,0,0,0,0,0,0,0,0,0,0,0,0,0,0,0,0,0,0,0,0,0,0,0,0,0,0,0,0,0,0,0,0,0,0,0,0,0,0,0,0,0,0,0,0,0,0,0,0,0,0,0,0,0,0,0,0,0,0,0,0,0,0],[1150,1443,916,271,724,173,688,519,419,383,2,795,507,453,785,293,572,297,410,9,30,388,2,178,149,42,0,57,1,19,9,2,204,10,1,0,2,4,1,0,1,5,2,50,1,3,1,0,0,19,1,1,0,0,0,1,0,0,2,0,0,0,0,0,55,0,2,1,34,98,0,1,81,1,0,0,0,0,0,0,1,0,0,0,0,83,1,0,0,0,0,0,14,0,0,0,21,0,2,0,0,0,0,0,0,0,0,0,0,0,0,0,0,2,0,0,0,0,0,0,0,0,0,0,0,0,0,0,0,0,0,0,0,0,0,0,0,0,0,0,0,0,0,0,0,0,0,0,0,0,0,0,0,0,0,0,0,0,0,0,0,0,0,0,0,0,2,0,0,0,0,0,0,0,0,0,0,0,0,0,0,0,0,0,0,0,0,0,0,0,0,0,2,0,0,0,0,0,0,0,0,0,0,0,0,0,0,0,0,0,0,0,0,0,0,0,0,0,1,0,0,0,0,0,0,0,0,0,0,0,0,0,0,0,0,0,0,0,0,0,0,0,0,0,0,0,0,0,0,0,0,0,0,0,0,0,0,0,0,0,0,0,0,0,0,0,0,0,0,0,0,0,0,0,0,0,0,0,0,0,0,0,0,0,0,0,0,0,0,0,0,0,0,0,0,0,0,0,0,0,0,0,0,0,0,0,0,0,0,0,0,0,0,0,0,0,0,0,0,0,0,0,0,0,0,0,0,0,0,0,0,0,0,0,0,0,0,0,0,0,0,0,0,0,0,0,0,0,0,0,0,0,0,0,0,0,0,0,0,0,0,0,0,0,0,0,0,0,0,0,0,0,0,0,0,0,0,0,0,0,0,0,0,0,0,0,0,0,0,0,0,0,0,0,0,0,0,0,0,0,0,0,0,0,0,0,0,0,0,0,0,0,0,0,0,0,0,0,0,0,0,0,0,0,0],[954,1305,974,372,529,269,843,537,435,107,69,427,387,278,511,352,239,263,353,40,228,210,1,32,59,98,0,55,0,138,61,27,249,7,7,2,0,12,29,0,1,0,40,88,1,0,1,0,4,26,30,1,0,0,0,0,0,0,7,0,0,0,0,0,166,0,0,0,61,33,0,0,182,0,0,0,0,0,1,0,0,0,0,0,0,164,8,0,47,0,0,18,86,0,0,0,24,0,0,5,0,0,0,0,0,0,0,0,0,0,0,0,0,1,0,0,0,0,0,0,0,0,0,0,0,0,0,0,0,0,0,0,0,0,0,0,0,0,0,0,0,0,0,0,0,0,0,0,0,0,0,0,0,0,0,0,0,0,0,0,0,0,0,0,1,0,1,0,0,0,0,0,0,0,0,0,0,0,0,0,0,0,0,0,0,0,0,0,0,0,0,0,0,0,0,0,0,0,0,0,0,0,0,0,0,0,0,0,0,0,0,0,0,0,0,0,0,0,0,0,0,0,0,0,0,0,0,0,0,0,0,0,0,0,0,0,0,0,0,0,0,0,0,0,0,0,0,0,0,0,0,0,0,0,0,0,0,0,0,0,0,0,0,0,0,0,0,0,0,0,0,0,0,0,0,0,0,0,0,0,0,0,0,0,0,0,0,0,0,0,0,0,0,0,0,0,0,0,0,0,0,0,0,0,0,0,0,0,0,0,0,0,0,0,0,0,0,0,0,0,0,0,0,0,0,0,0,0,0,0,0,0,0,0,0,0,0,0,0,0,0,0,0,0,0,0,0,0,0,0,0,0,0,0,0,0,0,0,0,0,0,0,0,0,0,0,0,0,0,0,0,0,0,0,0,0,0,0,0,0,0,0,0,0,0,0,0,0,0,0,0,0,0,0,0,0,0,0,0,0,0,0,0,0,0,0,0,0,0,0,0,0,0,0,0,0,0,0,0,0,0,0,0,0,0],[1246,1398,790,219,628,140,957,475,430,389,3,443,297,187,664,299,293,268,254,6,4,328,1,232,236,28,0,66,1,66,6,10,252,14,5,4,12,0,0,0,0,3,1,4,2,1,3,0,0,1,2,2,1,0,0,1,0,1,2,1,0,0,0,0,0,2,1,1,0,37,1,0,0,0,0,0,2,1,0,0,0,1,1,0,0,0,5,1,0,0,0,0,0,0,0,0,0,0,0,1,0,0,0,0,1,0,0,0,0,0,0,0,0,2,0,0,0,0,0,0,0,0,0,0,0,0,0,0,0,0,0,0,0,0,0,0,0,0,0,0,0,0,0,0,0,0,0,0,0,0,0,0,0,0,0,0,0,0,0,0,0,0,0,0,0,0,1,0,0,0,0,0,0,0,0,0,0,0,0,0,0,0,0,0,0,0,0,0,0,0,0,0,0,0,0,0,0,0,0,0,0,0,0,0,0,0,0,0,0,0,0,0,0,0,0,0,0,0,0,0,0,0,0,0,0,0,0,0,0,0,0,0,0,0,0,0,0,0,0,0,0,0,0,0,0,0,0,0,0,0,0,0,0,0,0,0,0,0,0,0,0,0,0,0,0,0,0,0,0,0,0,0,0,0,0,0,0,0,0,0,0,0,0,0,0,0,0,0,0,0,0,0,0,0,0,0,0,0,0,0,0,0,0,0,0,0,0,0,0,0,0,0,0,0,0,0,0,0,0,0,0,0,0,0,0,0,0,0,0,0,0,0,0,0,0,0,0,0,0,0,0,0,0,0,0,0,0,0,0,0,0,0,0,0,0,0,0,0,0,0,0,0,0,0,0,0,0,0,0,0,0,0,0,0,0,0,0,0,0,0,0,0,0,0,0,0,0,0,0,0,0,0,0,0,0,0,0,0,0,0,0,0,0,0,0,0,0,0,0,0,0,0,0,0,0,0,0,0,0,0,0,0,0,0,0],[1126,525,623,133,459,35,530,804,517,629,239,274,165,173,601,651,225,448,201,43,53,242,18,255,215,39,1,4,3,35,171,2,196,174,1,1,29,0,0,0,1,0,1,5,4,0,0,0,0,0,4,3,1,0,0,1,1,1,0,1,0,0,0,1,34,0,1,0,0,0,0,0,42,0,1,1,1,0,0,10,0,1,0,0,0,38,0,0,15,0,0,0,0,0,0,0,0,0,0,0,0,0,0,0,0,0,0,0,0,0,0,0,0,0,0,0,0,0,0,0,0,0,0,0,0,0,0,0,0,0,0,0,0,0,0,0,0,0,0,0,0,0,0,0,3,0,0,0,0,4,0,0,0,0,0,0,0,0,0,0,0,0,0,0,0,0,0,0,0,0,0,0,0,0,0,0,0,0,0,0,0,0,0,0,0,0,0,0,0,0,0,0,0,0,0,0,0,0,0,0,1,0,0,0,0,0,0,0,0,0,0,0,0,0,0,0,0,0,0,0,0,0,0,0,0,0,0,0,0,0,0,0,0,0,0,0,0,0,0,0,0,0,0,0,0,0,0,0,0,0,0,0,0,0,0,0,0,0,0,0,0,0,0,0,0,0,0,0,0,0,0,0,0,0,0,0,0,0,0,0,0,0,0,0,0,0,0,0,0,0,0,0,0,0,0,0,0,0,0,0,0,0,0,0,0,0,0,0,0,0,0,0,0,0,0,0,0,0,0,0,0,0,0,0,0,0,0,0,0,0,0,0,0,0,0,0,0,0,0,0,0,0,0,0,0,0,0,0,0,0,0,0,0,0,0,0,0,0,0,0,0,0,0,0,0,0,0,0,0,0,0,0,0,0,0,0,0,0,0,0,0,0,0,0,0,0,0,0,0,0,0,0,0,0,0,0,0,0,0,0,0,0,0,0,0,0,0,0,0,0,0,0,0,0,0,0,0,0,0,0,0,0,0,0,0],[12,146,0,1557,352,1805,0,135,0,253,734,0,0,0,0,11,0,0,0,228,44,0,378,0,0,0,2850,0,134,0,0,0,0,0,0,0,0,0,0,0,0,0,0,0,0,0,0,28,0,0,0,0,0,0,0,0,0,0,0,0,352,456,0,0,0,0,0,0,0,0,0,0,0,0,0,0,0,0,0,0,0,0,0,0,0,0,0,0,0,0,0,0,0,0,200,0,0,0,0,0,0,0,0,0,0,0,0,0,0,0,0,0,0,0,0,0,0,0,0,0,0,0,0,0,0,0,34,0,0,0,0,0,0,0,0,0,0,0,0,0,0,0,0,0,0,0,0,0,0,0,0,0,0,0,0,0,0,0,0,0,0,0,0,0,0,0,0,0,0,0,0,0,0,0,0,0,0,0,0,0,0,0,0,0,0,0,0,0,0,0,0,0,0,0,0,0,0,0,0,0,0,0,0,0,0,0,0,0,0,0,0,0,0,0,0,0,0,0,0,0,0,0,0,0,0,0,0,0,0,0,0,0,0,0,0,0,0,0,0,0,0,0,0,0,0,0,0,0,0,0,0,0,0,0,0,0,0,0,0,0,0,0,0,0,0,0,0,0,0,0,0,0,0,0,0,0,0,0,0,0,0,0,0,0,0,0,0,0,0,0,0,0,0,0,0,0,0,0,0,0,0,0,0,0,0,0,0,0,0,0,0,0,0,0,0,0,0,0,0,0,0,0,0,0,0,0,2,0,0,3,0,0,4,0,0,0,0,0,0,0,0,0,0,0,0,0,0,0,0,0,0,0,0,0,0,0,0,0,0,0,0,0,0,0,0,0,0,0,0,0,0,0,0,0,0,0,0,0,0,0,0,0,0,0,0,0,0,0,0,0,0,0,0,0,0,0,0,0,0,0,0,0,0,0,0,0,0,0,0,0,0,0,0,0,0,0,0,0,0,0,0,0,0,0,0],[636,402,1559,1,271,1,539,4,3,2,0,359,1920,286,1738,13,254,9,528,0,0,364,0,4,2,0,0,4,0,25,1,1,0,2,1,1,1,0,1,0,0,0,152,1,0,1,1,0,0,0,1,0,0,0,0,0,0,0,0,0,0,0,0,1,53,0,0,1,0,0,0,1,0,0,0,0,0,0,0,0,0,0,36,0,0,0,0,0,0,0,0,0